# ran: examples/color_live.py
# NOTE: this is program OUTPUT; the source is in examples/color_live.py

# examples/color_live.py — stream BOTH colour sensors so surfaces can be compared live.
==========================================================================
COLOUR SENSORS -- LIVE. Hold each surface under sensor C and keep it still.
==========================================================================

  Surfaces that matter: floor | YELLOW note | BLUE tape | SILVER tape
  Watch the 'name' column and the r:g:b ratios, not the raw numbers.

   t(s)  P  color name      refl |   r    g    b    i | r%%   g%%   b%%
  ----------------------------------------------------------------------
    0.0  C    -1 UNKNOWN      1 |    9    7    6   17 | 40.9 31.8 27.3
    0.0  D    -1 UNKNOWN      4 |   33   16   16   51 | 50.8 24.6 24.6
    0.3  C    -1 UNKNOWN      1 |    8    6    6   15 | 40.0 30.0 30.0
    0.3  D    -1 UNKNOWN      4 |   31   15   14   48 | 51.7 25.0 23.3
    0.5  C    -1 UNKNOWN      1 |    7    6    6   15 | 36.8 31.6 31.6
    0.5  D    -1 UNKNOWN      5 |   35   16   16   53 | 52.2 23.9 23.9
    0.8  C    -1 UNKNOWN      1 |    8    6    6   16 | 40.0 30.0 30.0
    0.8  D    -1 UNKNOWN      5 |   35   18   16   54 | 50.7 26.1 23.2
    1.0  C    -1 UNKNOWN      1 |   10    8    8   20 | 38.5 30.8 30.8
    1.0  D    -1 UNKNOWN      5 |   37   18   16   58 | 52.1 25.4 22.5
    1.3  C    -1 UNKNOWN      2 |   13    8    8   23 | 44.8 27.6 27.6
    1.3  D    -1 UNKNOWN      5 |   37   18   16   58 | 52.1 25.4 22.5
    1.5  C    -1 UNKNOWN      2 |   13    8    8   23 | 44.8 27.6 27.6
    1.5  D    -1 UNKNOWN      5 |   36   18   16   55 | 51.4 25.7 22.9
    1.8  C    -1 UNKNOWN      1 |   11    8    8   20 | 40.7 29.6 29.6
    1.8  D    -1 UNKNOWN      5 |   36   17   16   54 | 52.2 24.6 23.2
    2.0  C    -1 UNKNOWN      1 |    9    6    6   16 | 42.9 28.6 28.6
    2.0  D    -1 UNKNOWN      5 |   36   17   16   54 | 52.2 24.6 23.2
    2.3  C    -1 UNKNOWN      1 |    8    6    6   15 | 40.0 30.0 30.0
    2.3  D    -1 UNKNOWN      5 |   40   19   17   60 | 52.6 25.0 22.4
    2.5  C    -1 UNKNOWN      1 |    8    6    6   15 | 40.0 30.0 30.0
    2.5  D    -1 UNKNOWN      5 |   37   17   16   56 | 52.9 24.3 22.9
    2.8  C    -1 UNKNOWN      1 |    8    6    6   16 | 40.0 30.0 30.0
    2.8  D    -1 UNKNOWN      5 |   35   17   16   53 | 51.5 25.0 23.5
    3.0  C    -1 UNKNOWN      1 |   11    8    8   20 | 40.7 29.6 29.6
    3.0  D    -1 UNKNOWN      5 |   36   17   16   54 | 52.2 24.6 23.2
    3.3  C    -1 UNKNOWN      2 |   12    8    8   23 | 42.9 28.6 28.6
    3.3  D    -1 UNKNOWN      5 |   39   18   17   60 | 52.7 24.3 23.0
    3.5  C    -1 UNKNOWN      2 |   13    8    8   23 | 44.8 27.6 27.6
    3.5  D    -1 UNKNOWN      6 |   40   20   17   62 | 51.9 26.0 22.1
    3.8  C    -1 UNKNOWN      2 |   12    8    8   22 | 42.9 28.6 28.6
    3.8  D    -1 UNKNOWN      6 |   41   20   17   62 | 52.6 25.6 21.8
    4.0  C    -1 UNKNOWN      1 |   10    7    8   17 | 40.0 28.0 32.0
    4.0  D    -1 UNKNOWN      5 |   38   18   16   58 | 52.8 25.0 22.2
    4.3  C    -1 UNKNOWN      1 |    8    7    8   17 | 34.8 30.4 34.8
    4.3  D    -1 UNKNOWN      7 |   50   24   21   75 | 52.6 25.3 22.1
    4.5  C    -1 UNKNOWN      1 |   10    7    8   18 | 40.0 28.0 32.0
    4.5  D    -1 UNKNOWN      8 |   56   28   24   85 | 51.9 25.9 22.2
    4.8  C    -1 UNKNOWN      1 |   10    7    8   20 | 40.0 28.0 32.0
    4.8  D    -1 UNKNOWN     10 |   70   33   29  105 | 53.0 25.0 22.0
    5.0  C    -1 UNKNOWN      2 |   13    9    8   23 | 43.3 30.0 26.7
    5.0  D    -1 UNKNOWN      9 |   62   29   26   93 | 53.0 24.8 22.2
    5.3  C    -1 UNKNOWN      2 |   15    9   10   26 | 44.1 26.5 29.4
    5.3  D    -1 UNKNOWN      9 |   67   33   28  100 | 52.3 25.8 21.9
    5.5  C    -1 UNKNOWN      2 |   15    9   10   27 | 44.1 26.5 29.4
    5.5  D    -1 UNKNOWN     11 |   79   38   33  119 | 52.7 25.3 22.0
    5.8  C    -1 UNKNOWN      2 |   14    9    8   25 | 45.2 29.0 25.8
    5.8  D    -1 UNKNOWN     22 |  151   76   66  231 | 51.5 25.9 22.5
    6.0  C    -1 UNKNOWN      1 |    9    6    6   15 | 42.9 28.6 28.6
    6.0  D    -1 UNKNOWN      6 |   42   21   17   65 | 52.5 26.3 21.3
    6.3  C    -1 UNKNOWN      1 |    7    5    6   13 | 38.9 27.8 33.3
    6.3  D    -1 UNKNOWN      2 |   20    9    9   30 | 52.6 23.7 23.7
    6.5  C    -1 UNKNOWN      0 |    4    4    4    9 | 33.3 33.3 33.3
    6.5  D    -1 UNKNOWN      3 |   21   10    9   32 | 52.5 25.0 22.5
    6.8  C    -1 UNKNOWN      1 |    6    4    4   12 | 42.9 28.6 28.6
    6.8  D    -1 UNKNOWN      3 |   22   10    9   34 | 53.7 24.4 22.0
    7.0  C    -1 UNKNOWN      1 |    9    6    6   16 | 42.9 28.6 28.6
    7.0  D    -1 UNKNOWN      3 |   23   11   10   35 | 52.3 25.0 22.7
    7.3  C    -1 UNKNOWN      1 |   11    8    8   20 | 40.7 29.6 29.6
    7.3  D    -1 UNKNOWN      4 |   27   14   12   41 | 50.9 26.4 22.6
    7.5  C    -1 UNKNOWN      1 |    9    7    8   18 | 37.5 29.2 33.3
    7.5  D    -1 UNKNOWN      3 |   26   13   12   40 | 51.0 25.5 23.5
    7.8  C    -1 UNKNOWN      1 |   10    7    8   18 | 40.0 28.0 32.0
    7.8  D    -1 UNKNOWN      3 |   25   13   10   38 | 52.1 27.1 20.8
    8.0  C    -1 UNKNOWN      0 |    5    4    4   10 | 38.5 30.8 30.8
    8.0  D    -1 UNKNOWN      3 |   26   13   12   40 | 51.0 25.5 23.5
    8.3  C    -1 UNKNOWN      0 |    3    2    2    5 | 42.9 28.6 28.6
    8.3  D    -1 UNKNOWN      4 |   28   14   12   43 | 51.9 25.9 22.2
    8.5  C    -1 UNKNOWN      0 |    3    3    4    7 | 30.0 30.0 40.0
    8.5  D    -1 UNKNOWN      4 |   32   16   14   49 | 51.6 25.8 22.6
    8.8  C    -1 UNKNOWN      0 |    4    4    4    8 | 33.3 33.3 33.3
    8.8  D    -1 UNKNOWN      4 |   31   14   12   48 | 54.4 24.6 21.1
    9.0  C    -1 UNKNOWN      1 |    7    4    4   11 | 46.7 26.7 26.7
    9.0  D    -1 UNKNOWN      4 |   29   13   12   43 | 53.7 24.1 22.2
    9.3  C    -1 UNKNOWN      1 |    9    5    4   14 | 50.0 27.8 22.2
    9.3  D    -1 UNKNOWN      3 |   25   12   10   38 | 53.2 25.5 21.3
    9.5  C    -1 UNKNOWN      1 |    8    5    6   14 | 42.1 26.3 31.6
    9.5  D    -1 UNKNOWN      3 |   24   12   10   37 | 52.2 26.1 21.7
    9.8  C    -1 UNKNOWN      1 |    9    7    6   16 | 40.9 31.8 27.3
    9.8  D    -1 UNKNOWN      3 |   23   12   10   35 | 51.1 26.7 22.2
   10.0  C    -1 UNKNOWN      1 |    7    4    6   11 | 41.2 23.5 35.3
   10.0  D    -1 UNKNOWN      3 |   21    9    9   32 | 53.8 23.1 23.1
   10.3  C    -1 UNKNOWN      0 |    4    3    4    8 | 36.4 27.3 36.4
   10.3  D    -1 UNKNOWN      3 |   21    9    9   32 | 53.8 23.1 23.1
   10.5  C    -1 UNKNOWN      0 |    5    4    4    9 | 38.5 30.8 30.8
   10.5  D    -1 UNKNOWN      2 |   16    8    7   25 | 51.6 25.8 22.6
   10.8  C    -1 UNKNOWN      0 |    3    2    2    5 | 42.9 28.6 28.6
   10.8  D    -1 UNKNOWN      4 |   33   16   16   51 | 50.8 24.6 24.6
   11.0  C    -1 UNKNOWN      0 |    6    4    4    9 | 42.9 28.6 28.6
   11.0  D    -1 UNKNOWN      7 |   49   24   21   74 | 52.1 25.5 22.3
   11.3  C    -1 UNKNOWN      1 |    9    5    4   15 | 50.0 27.8 22.2
   11.3  D    -1 UNKNOWN      8 |   60   29   26   91 | 52.2 25.2 22.6
   11.5  C    -1 UNKNOWN      1 |    8    5    4   15 | 47.1 29.4 23.5
   11.5  D    -1 UNKNOWN     11 |   75   37   32  115 | 52.1 25.7 22.2
   11.8  C    -1 UNKNOWN      1 |    9    5    6   15 | 45.0 25.0 30.0
   11.8  D    -1 UNKNOWN      6 |   46   22   19   70 | 52.9 25.3 21.8
   12.0  C    -1 UNKNOWN      1 |    8    6    6   14 | 40.0 30.0 30.0
   12.0  D    -1 UNKNOWN      5 |   36   18   16   55 | 51.4 25.7 22.9
   12.3  C    -1 UNKNOWN      0 |    5    4    4   10 | 38.5 30.8 30.8
   12.3  D    -1 UNKNOWN      7 |   51   25   22   78 | 52.0 25.5 22.4
   12.6  C    -1 UNKNOWN      0 |    5    4    4   10 | 38.5 30.8 30.8
   12.6  D    -1 UNKNOWN      5 |   35   16   16   52 | 52.2 23.9 23.9
   12.8  C    -1 UNKNOWN      0 |    4    3    4    8 | 36.4 27.3 36.4
   12.8  D    -1 UNKNOWN      4 |   27   13   12   41 | 51.9 25.0 23.1
   13.1  C    -1 UNKNOWN      1 |    7    4    4   11 | 46.7 26.7 26.7
   13.1  D    -1 UNKNOWN      6 |   45   21   19   67 | 52.9 24.7 22.4
   13.3  C    -1 UNKNOWN      1 |    9    5    6   15 | 45.0 25.0 30.0
   13.3  D    -1 UNKNOWN      2 |   20    9    9   30 | 52.6 23.7 23.7
   13.6  C    -1 UNKNOWN      1 |    8    5    4   14 | 47.1 29.4 23.5
   13.6  D    -1 UNKNOWN      4 |   27   14   12   42 | 50.9 26.4 22.6
   13.8  C    -1 UNKNOWN      1 |    9    5    4   16 | 50.0 27.8 22.2
   13.8  D    -1 UNKNOWN      3 |   20   10    9   32 | 51.3 25.6 23.1
   14.1  C    -1 UNKNOWN      1 |    6    4    6   13 | 37.5 25.0 37.5
   14.1  D    -1 UNKNOWN      2 |   16    8    7   25 | 51.6 25.8 22.6
   14.3  C    -1 UNKNOWN      0 |    4    4    4    9 | 33.3 33.3 33.3
   14.3  D    -1 UNKNOWN      2 |   20    9    9   30 | 52.6 23.7 23.7
   14.6  C    -1 UNKNOWN      0 |    5    3    4    8 | 41.7 25.0 33.3
   14.6  D    -1 UNKNOWN      2 |   18    9    7   28 | 52.9 26.5 20.6
   14.8  C    -1 UNKNOWN      1 |    6    4    4   12 | 42.9 28.6 28.6
   14.8  D    -1 UNKNOWN      3 |   24   12   11   38 | 51.1 25.5 23.4
   15.1  C    -1 UNKNOWN      0 |    4    3    4    7 | 36.4 27.3 36.4
   15.1  D    -1 UNKNOWN      0 |    3    1    3    4 | 42.9 14.3 42.9
   15.3  C    -1 UNKNOWN      0 |    5    3    4   10 | 41.7 25.0 33.3
   15.3  D    -1 UNKNOWN      0 |    2    1    0    4 | 66.7 33.3  0.0
   15.6  C    -1 UNKNOWN      0 |    5    3    4    8 | 41.7 25.0 33.3
   15.6  D    -1 UNKNOWN      0 |    1    1    2    2 | 25.0 25.0 50.0
   15.8  C    -1 UNKNOWN      0 |    6    3    4    9 | 46.2 23.1 30.8
   15.8  D    -1 UNKNOWN      0 |    1    1    1    3 | 33.3 33.3 33.3
   16.1  C    -1 UNKNOWN      0 |    3    1    2    4 | 50.0 16.7 33.3
   16.1  D    -1 UNKNOWN      0 |    1    1    1    2 | 33.3 33.3 33.3
   16.3  C    -1 UNKNOWN      0 |    0    0    0    0 |  0.0  0.0  0.0
   16.3  D    -1 UNKNOWN      0 |    1    1    1    3 | 33.3 33.3 33.3
   16.6  C    -1 UNKNOWN      0 |    0    0    0    0 |  0.0  0.0  0.0
   16.6  D    -1 UNKNOWN      0 |    3    1    3    5 | 42.9 14.3 42.9
   16.8  C    -1 UNKNOWN      0 |    3    3    0    5 | 50.0 50.0  0.0
   16.8  D    -1 UNKNOWN      0 |    3    2    3    5 | 37.5 25.0 37.5
   17.1  C    -1 UNKNOWN      0 |    2    2    2    3 | 33.3 33.3 33.3
   17.1  D    -1 UNKNOWN      0 |    1    2    1    4 | 25.0 50.0 25.0
   17.3  C    -1 UNKNOWN      0 |    5    3    4    9 | 41.7 25.0 33.3
   17.3  D    -1 UNKNOWN      0 |    1    1    1    3 | 33.3 33.3 33.3
   17.6  C    -1 UNKNOWN      0 |    5    3    4    9 | 41.7 25.0 33.3
   17.6  D    -1 UNKNOWN      0 |    1    0    1    3 | 50.0  0.0 50.0
   17.8  C    -1 UNKNOWN      0 |    1    1    0    2 | 50.0 50.0  0.0
   17.8  D    -1 UNKNOWN      0 |    1    0    1    2 | 50.0  0.0 50.0
   18.1  C    -1 UNKNOWN      0 |    2    1    2    4 | 40.0 20.0 40.0
   18.1  D    -1 UNKNOWN      0 |    1    0    1    3 | 50.0  0.0 50.0
   18.3  C    -1 UNKNOWN      0 |    0    0    0    0 |  0.0  0.0  0.0
   18.3  D    -1 UNKNOWN      0 |    1    1    1    3 | 33.3 33.3 33.3
   18.6  C    -1 UNKNOWN      0 |    0    0    0    0 |  0.0  0.0  0.0
   18.6  D    -1 UNKNOWN      0 |    1    1    1    3 | 33.3 33.3 33.3
   18.8  C    -1 UNKNOWN      0 |    3    3    2    5 | 37.5 37.5 25.0
   18.8  D    -1 UNKNOWN      0 |    3    1    2    5 | 50.0 16.7 33.3
   19.1  C    -1 UNKNOWN      0 |    2    2    2    5 | 33.3 33.3 33.3
   19.1  D    -1 UNKNOWN      0 |    4    2    2    6 | 50.0 25.0 25.0
   19.3  C    -1 UNKNOWN      1 |    7    4    4   12 | 46.7 26.7 26.7
   19.3  D    -1 UNKNOWN      0 |    2    2    1    4 | 40.0 40.0 20.0
   19.6  C    -1 UNKNOWN      1 |    7    4    4   11 | 46.7 26.7 26.7
   19.6  D    -1 UNKNOWN      0 |    3    2    1    5 | 50.0 33.3 16.7
   19.8  C    -1 UNKNOWN      0 |    3    2    2    5 | 42.9 28.6 28.6
   19.8  D    -1 UNKNOWN      0 |    3    2    3    5 | 37.5 25.0 37.5
   20.1  C    -1 UNKNOWN      0 |    3    2    2    5 | 42.9 28.6 28.6
   20.1  D    -1 UNKNOWN      0 |    3    2    3    6 | 37.5 25.0 37.5
   20.3  C    -1 UNKNOWN      0 |    1    0    0    1 | 100.0  0.0  0.0
   20.3  D    -1 UNKNOWN      0 |    1    2    1    5 | 25.0 50.0 25.0
   20.6  C    -1 UNKNOWN      0 |    2    2    2    5 | 33.3 33.3 33.3
   20.6  D    -1 UNKNOWN      0 |    2    2    3    5 | 28.6 28.6 42.9
   20.8  C    -1 UNKNOWN      1 |    8    6    6   14 | 40.0 30.0 30.0
   20.8  D    -1 UNKNOWN      0 |    6    2    2   10 | 60.0 20.0 20.0
   21.1  C    -1 UNKNOWN      1 |    7    6    6   14 | 36.8 31.6 31.6
   21.1  D    -1 UNKNOWN      1 |    9    5    5   15 | 47.4 26.3 26.3
   21.3  C    -1 UNKNOWN      1 |    9    6    6   16 | 42.9 28.6 28.6
   21.3  D    -1 UNKNOWN      2 |   14    8    7   21 | 48.3 27.6 24.1
   21.6  C    -1 UNKNOWN      1 |    9    7    8   18 | 37.5 29.2 33.3
   21.6  D    -1 UNKNOWN      2 |   18    9    9   28 | 50.0 25.0 25.0
   21.8  C    -1 UNKNOWN      0 |    4    3    4    7 | 36.4 27.3 36.4
   21.8  D    -1 UNKNOWN      4 |   32   16   14   48 | 51.6 25.8 22.6
   22.1  C    -1 UNKNOWN      0 |    4    3    4    7 | 36.4 27.3 36.4
   22.1  D    -1 UNKNOWN      2 |   16    8    8   25 | 50.0 25.0 25.0
   22.3  C    -1 UNKNOWN      0 |    2    3    0    4 | 40.0 60.0  0.0
   22.3  D    -1 UNKNOWN      8 |   56   29   24   87 | 51.4 26.6 22.0
   22.6  C    -1 UNKNOWN      0 |    3    3    2    5 | 37.5 37.5 25.0
   22.6  D    -1 UNKNOWN      4 |   32   14   13   48 | 54.2 23.7 22.0
   22.8  C    -1 UNKNOWN      1 |    7    4    4   12 | 46.7 26.7 26.7
   22.8  D    -1 UNKNOWN      6 |   47   22   20   71 | 52.8 24.7 22.5
   23.1  C    -1 UNKNOWN      1 |    8    6    6   14 | 40.0 30.0 30.0
   23.1  D    -1 UNKNOWN      8 |   54   26   22   83 | 52.9 25.5 21.6
   23.3  C    -1 UNKNOWN      1 |   10    8    6   18 | 41.7 33.3 25.0
   23.3  D    -1 UNKNOWN      5 |   36   17   16   54 | 52.2 24.6 23.2
   23.6  C    -1 UNKNOWN      1 |    9    6    6   17 | 42.9 28.6 28.6
   23.6  D    -1 UNKNOWN      5 |   36   18   16   54 | 51.4 25.7 22.9
   23.8  C    -1 UNKNOWN      1 |    6    4    4   12 | 42.9 28.6 28.6
   23.8  D    -1 UNKNOWN      5 |   37   18   16   56 | 52.1 25.4 22.5
   24.1  C    -1 UNKNOWN      0 |    4    2    4    8 | 40.0 20.0 40.0
   24.1  D    -1 UNKNOWN      5 |   38   18   16   56 | 52.8 25.0 22.2
   24.3  C    -1 UNKNOWN      0 |    5    2    4    9 | 45.5 18.2 36.4
   24.3  D    -1 UNKNOWN      5 |   36   17   16   54 | 52.2 24.6 23.2
   24.6  C    -1 UNKNOWN      0 |    5    4    4    9 | 38.5 30.8 30.8
   24.6  D    -1 UNKNOWN      5 |   37   18   16   57 | 52.1 25.4 22.5
   24.9  C    -1 UNKNOWN      1 |    8    6    6   15 | 40.0 30.0 30.0
   24.9  D    -1 UNKNOWN      5 |   40   18   17   60 | 53.3 24.0 22.7
   25.1  C    -1 UNKNOWN      1 |   11    8    8   19 | 40.7 29.6 29.6
   25.1  D    -1 UNKNOWN      6 |   43   20   18   66 | 53.1 24.7 22.2
   25.4  C    -1 UNKNOWN      1 |   10    8    8   20 | 38.5 30.8 30.8
   25.4  D    -1 UNKNOWN      5 |   40   18   16   59 | 54.1 24.3 21.6
   25.6  C    -1 UNKNOWN      1 |   10    7    8   18 | 40.0 28.0 32.0
   25.6  D    -1 UNKNOWN      5 |   35   17   16   53 | 51.5 25.0 23.5
   25.9  C    -1 UNKNOWN      1 |    6    4    4   12 | 42.9 28.6 28.6
   25.9  D    -1 UNKNOWN      4 |   33   17   14   51 | 51.6 26.6 21.9
   26.1  C    -1 UNKNOWN      0 |    5    4    4    9 | 38.5 30.8 30.8
   26.1  D    -1 UNKNOWN      4 |   32   16   14   49 | 51.6 25.8 22.6
   26.4  C    -1 UNKNOWN      0 |    4    4    4   10 | 33.3 33.3 33.3
   26.4  D    -1 UNKNOWN      5 |   36   18   16   54 | 51.4 25.7 22.9
   26.6  C    -1 UNKNOWN      0 |    5    4    6   10 | 33.3 26.7 40.0
   26.6  D    -1 UNKNOWN      3 |   26   13   10   38 | 53.1 26.5 20.4
   26.9  C    -1 UNKNOWN      1 |    8    5    4   14 | 47.1 29.4 23.5
   26.9  D    -1 UNKNOWN      6 |   43   21   19   66 | 51.8 25.3 22.9
   27.1  C    -1 UNKNOWN      1 |    8    5    4   14 | 47.1 29.4 23.5
   27.1  D    -1 UNKNOWN     14 |  100   49   43  152 | 52.1 25.5 22.4
   27.4  C    -1 UNKNOWN      1 |    9    5    4   16 | 50.0 27.8 22.2
   27.4  D    -1 UNKNOWN     11 |   79   37   33  118 | 53.0 24.8 22.1
   27.6  C    -1 UNKNOWN      1 |    9    5    6   15 | 45.0 25.0 30.0
   27.6  D    -1 UNKNOWN      8 |   60   29   27   91 | 51.7 25.0 23.3
   27.9  C    -1 UNKNOWN      0 |    5    3    4    9 | 41.7 25.0 33.3
   27.9  D    -1 UNKNOWN      4 |   34   16   14   51 | 53.1 25.0 21.9
   28.1  C    -1 UNKNOWN      0 |    3    3    4    6 | 30.0 30.0 40.0
   28.1  D    -1 UNKNOWN      0 |    4    1    3    7 | 50.0 12.5 37.5
   28.4  C    -1 UNKNOWN      0 |    2    3    2    4 | 28.6 42.9 28.6
   28.4  D    -1 UNKNOWN      1 |   13    6    7   20 | 50.0 23.1 26.9
   28.6  C    -1 UNKNOWN      3 |   19   11   12   32 | 45.2 26.2 28.6
   28.6  D    -1 UNKNOWN      0 |    2    2    2    5 | 33.3 33.3 33.3
   28.9  C     9 RED         17 |  110   59   64  183 | 47.2 25.3 27.5
   28.9  D    -1 UNKNOWN      0 |    3    2    2    6 | 42.9 28.6 28.6
   29.1  C     9 RED         21 |  130   69   76  216 | 47.3 25.1 27.6
   29.1  D    -1 UNKNOWN      1 |    8    4    4   12 | 50.0 25.0 25.0
   29.4  C     9 RED         28 |  172   94  101  287 | 46.9 25.6 27.5
   29.4  D    -1 UNKNOWN      1 |    8    4    4   12 | 50.0 25.0 25.0
   29.6  C     9 RED          8 |   52   28   30   89 | 47.3 25.5 27.3
   29.6  D    -1 UNKNOWN      1 |    9    4    5   13 | 50.0 22.2 27.8
   29.9  C     9 RED         18 |  114   61   66  193 | 47.3 25.3 27.4
   29.9  D    -1 UNKNOWN      1 |    8    4    5   14 | 47.1 23.5 29.4
   30.1  C    -1 UNKNOWN      0 |    3    4    4    7 | 27.3 36.4 36.4
   30.1  D    -1 UNKNOWN      2 |   13    8    7   21 | 46.4 28.6 25.0
   30.4  C    -1 UNKNOWN      0 |    4    4    4    8 | 33.3 33.3 33.3
   30.4  D    -1 UNKNOWN      1 |    8    4    5   14 | 47.1 23.5 29.4
   30.6  C    -1 UNKNOWN      1 |    6    4    4   12 | 42.9 28.6 28.6
   30.6  D    -1 UNKNOWN      1 |   10    5    5   16 | 50.0 25.0 25.0
   30.9  C    -1 UNKNOWN      1 |    8    5    6   16 | 42.1 26.3 31.6
   30.9  D    -1 UNKNOWN      1 |   10    5    4   16 | 52.6 26.3 21.1
   31.1  C    -1 UNKNOWN      1 |    8    7    6   16 | 38.1 33.3 28.6
   31.1  D    -1 UNKNOWN      0 |    2    1    1    4 | 50.0 25.0 25.0
   31.4  C    -1 UNKNOWN      1 |    9    5    6   15 | 45.0 25.0 30.0
   31.4  D    -1 UNKNOWN      1 |    7    4    4   12 | 46.7 26.7 26.7
   31.6  C    -1 UNKNOWN      1 |    6    4    6   11 | 37.5 25.0 37.5
   31.6  D    -1 UNKNOWN      0 |    2    2    1    4 | 40.0 40.0 20.0
   31.9  C    -1 UNKNOWN      0 |    5    4    4    9 | 38.5 30.8 30.8
   31.9  D    -1 UNKNOWN      1 |   10    5    5   16 | 50.0 25.0 25.0
   32.1  C    -1 UNKNOWN      0 |    4    3    4    8 | 36.4 27.3 36.4
   32.1  D    -1 UNKNOWN      0 |    4    2    2    7 | 50.0 25.0 25.0
   32.4  C    -1 UNKNOWN      0 |    4    4    4    9 | 33.3 33.3 33.3
   32.4  D    -1 UNKNOWN      1 |   12    6    5   19 | 52.2 26.1 21.7
   32.6  C    -1 UNKNOWN      1 |    6    5    4   11 | 40.0 33.3 26.7
   32.6  D    -1 UNKNOWN      2 |   17   10    9   28 | 47.2 27.8 25.0
   32.9  C    -1 UNKNOWN      1 |    9    5    6   15 | 45.0 25.0 30.0
   32.9  D    -1 UNKNOWN      1 |    7    4    4   11 | 46.7 26.7 26.7
   33.1  C    -1 UNKNOWN      1 |   11    6    8   20 | 44.0 24.0 32.0
   33.1  D    -1 UNKNOWN      1 |   10    5    4   15 | 52.6 26.3 21.1
   33.4  C     9 RED          5 |   39   11   15   54 | 60.0 16.9 23.1
   33.4  D    -1 UNKNOWN      1 |    9    4    5   14 | 50.0 22.2 27.8
   33.6  C     9 RED          4 |   31   10   13   45 | 57.4 18.5 24.1
   33.6  D    -1 UNKNOWN      1 |    9    5    4   14 | 50.0 27.8 22.2
   33.9  C     9 RED          5 |   38   11   15   53 | 59.4 17.2 23.4
   33.9  D    -1 UNKNOWN      1 |   10    5    5   16 | 50.0 25.0 25.0
   34.1  C     9 RED         82 |  602  204  262  841 | 56.4 19.1 24.5
   34.1  D    -1 UNKNOWN      1 |    9    5    4   13 | 50.0 27.8 22.2
   34.4  C     9 RED         93 |  671  239  301  959 | 55.4 19.7 24.9
   34.4  D    -1 UNKNOWN      0 |    2    2    3    5 | 28.6 28.6 42.9
   34.6  C     9 RED         99 |  937  343  434 1023 | 54.7 20.0 25.3
   34.6  D    -1 UNKNOWN      1 |    8    3    4   11 | 53.3 20.0 26.7
   34.9  C     9 RED         99 |  946  321  417 1023 | 56.2 19.1 24.8
   34.9  D    -1 UNKNOWN      1 |    8    5    4   13 | 47.1 29.4 23.5
   35.1  C     9 RED         99 |  918  353  442 1022 | 53.6 20.6 25.8
   35.1  D    -1 UNKNOWN      0 |    4    2    3    8 | 44.4 22.2 33.3
   35.4  C    -1 UNKNOWN      1 |   12    6    8   19 | 46.2 23.1 30.8
   35.4  D    -1 UNKNOWN      1 |   10    5    5   14 | 50.0 25.0 25.0
   35.6  C    -1 UNKNOWN      1 |    8    5    8   15 | 38.1 23.8 38.1
   35.6  D    -1 UNKNOWN      0 |    3    2    3    5 | 37.5 25.0 37.5
   35.9  C    -1 UNKNOWN      0 |    3    2    2    6 | 42.9 28.6 28.6
   35.9  D    -1 UNKNOWN      1 |    9    5    5   15 | 47.4 26.3 26.3
   36.1  C    -1 UNKNOWN      0 |    4    3    2    8 | 44.4 33.3 22.2
   36.1  D     9 RED          7 |   62   13   21   78 | 64.6 13.5 21.9
   36.4  C    -1 UNKNOWN      1 |   13    8    8   20 | 44.8 27.6 27.6
   36.4  D     9 RED         57 |  462  114  166  590 | 62.3 15.4 22.4
   36.6  C    -1 UNKNOWN      1 |   11    5    6   18 | 50.0 22.7 27.3
   36.6  D     9 RED         65 |  523  133  192  674 | 61.7 15.7 22.6
   36.9  C    -1 UNKNOWN      1 |   10    5    6   17 | 47.6 23.8 28.6
   36.9  D     9 RED         68 |  485  175  227  698 | 54.7 19.7 25.6
   37.1  C    -1 UNKNOWN      1 |    7    4    4   12 | 46.7 26.7 26.7
   37.1  D     9 RED         47 |  308  129  159  486 | 51.7 21.6 26.7
   37.4  C    -1 UNKNOWN      0 |    3    3    2    7 | 37.5 37.5 25.0
   37.4  D     9 RED         52 |  356  138  174  538 | 53.3 20.7 26.0
   37.7  C    -1 UNKNOWN      0 |    4    3    2    7 | 44.4 33.3 22.2
   37.7  D     9 RED         92 |  630  247  311  943 | 53.0 20.8 26.2
   37.9  C    -1 UNKNOWN      0 |    3    3    2    7 | 37.5 37.5 25.0
   37.9  D     9 RED         61 |  445  151  200  626 | 55.9 19.0 25.1
   38.2  C    -1 UNKNOWN      1 |    6    3    4   11 | 46.2 23.1 30.8
   38.2  D     9 RED         68 |  491  172  224  700 | 55.4 19.4 25.3
   38.4  C    -1 UNKNOWN      2 |   16   10   10   29 | 44.4 27.8 27.8
   38.4  D    -1 UNKNOWN      1 |   10    5    5   15 | 50.0 25.0 25.0
   38.7  C    -1 UNKNOWN      2 |   14    7   10   22 | 45.2 22.6 32.3
   38.7  D    -1 UNKNOWN      1 |   10    4    4   15 | 55.6 22.2 22.2
   38.9  C    -1 UNKNOWN      1 |   11    6    8   17 | 44.0 24.0 32.0
   38.9  D    -1 UNKNOWN      1 |   11    5    5   18 | 52.4 23.8 23.8
   39.2  C    -1 UNKNOWN      1 |    6    4    4   11 | 42.9 28.6 28.6
   39.2  D    -1 UNKNOWN      1 |   12    5    5   18 | 54.5 22.7 22.7
   39.4  C    -1 UNKNOWN      0 |    3    1    2    6 | 50.0 16.7 33.3
   39.4  D    -1 UNKNOWN      1 |   12    6    5   18 | 52.2 26.1 21.7
   39.7  C    -1 UNKNOWN      0 |    3    3    2    7 | 37.5 37.5 25.0
   39.7  D    -1 UNKNOWN      1 |   13    6    5   19 | 54.2 25.0 20.8
   39.9  C    -1 UNKNOWN      0 |    5    3    2    8 | 50.0 30.0 20.0
   39.9  D    -1 UNKNOWN      1 |   10    4    5   15 | 52.6 21.1 26.3
   40.2  C    -1 UNKNOWN      1 |    8    5    6   14 | 42.1 26.3 31.6
   40.2  D    -1 UNKNOWN      1 |    7    4    4   11 | 46.7 26.7 26.7
   40.4  C    -1 UNKNOWN      1 |   10    4    6   16 | 50.0 20.0 30.0
   40.4  D    -1 UNKNOWN      0 |    4    3    4    6 | 36.4 27.3 36.4
   40.7  C    -1 UNKNOWN      1 |    9    4    6   15 | 47.4 21.1 31.6
   40.7  D    -1 UNKNOWN      0 |    4    1    2    6 | 57.1 14.3 28.6
   40.9  C    -1 UNKNOWN      1 |    8    6    6   15 | 40.0 30.0 30.0
   40.9  D    -1 UNKNOWN      0 |    3    2    2    6 | 42.9 28.6 28.6
   41.2  C    -1 UNKNOWN      1 |    5    5    4   12 | 35.7 35.7 28.6
   41.2  D    -1 UNKNOWN      0 |    6    3    4    8 | 46.2 23.1 30.8
   41.4  C    -1 UNKNOWN      0 |    3    4    4    6 | 27.3 36.4 36.4
   41.4  D     6 GREEN       11 |   52   64   41  115 | 33.1 40.8 26.1
   41.7  C    -1 UNKNOWN      0 |    1    3    2    3 | 16.7 50.0 33.3
   41.7  D    -1 UNKNOWN     99 |  463  546  397 1015 | 32.9 38.8 28.2
   41.9  C    -1 UNKNOWN      0 |    2    1    2    4 | 40.0 20.0 40.0
   41.9  D    10 WHITE       90 |  404  439  374  928 | 33.2 36.1 30.7
   42.2  C    -1 UNKNOWN      1 |    7    6    4   13 | 41.2 35.3 23.5
   42.2  D    10 WHITE       99 |  455  526  413 1018 | 32.6 37.7 29.6
   42.4  C    -1 UNKNOWN      1 |    7    6    4   14 | 41.2 35.3 23.5
   42.4  D    -1 UNKNOWN     72 |  324  373  279  741 | 33.2 38.2 28.6
   42.7  C    -1 UNKNOWN      1 |    7    6    4   12 | 41.2 35.3 23.5
   42.7  D    -1 UNKNOWN     99 |  552  639  450 1017 | 33.6 38.9 27.4
   42.9  C    -1 UNKNOWN      0 |    5    4    2    9 | 45.5 36.4 18.2
   42.9  D     6 GREEN       99 |  527  645  421 1016 | 33.1 40.5 26.4
   43.2  C    -1 UNKNOWN      0 |    2    4    2    5 | 25.0 50.0 25.0
   43.2  D    -1 UNKNOWN     99 |  872 1023  720 1022 | 33.3 39.1 27.5
   43.4  C    -1 UNKNOWN      0 |    2    3    2    4 | 28.6 42.9 28.6
   43.4  D     6 GREEN       13 |   62   77   47  141 | 33.3 41.4 25.3
   43.7  C    -1 UNKNOWN      0 |    3    1    4    6 | 37.5 12.5 50.0
   43.7  D     6 GREEN       13 |   60   76   44  137 | 33.3 42.2 24.4
   43.9  C    -1 UNKNOWN      1 |    7    8    6   13 | 33.3 38.1 28.6
   43.9  D     6 GREEN       40 |  186  231  154  412 | 32.6 40.5 27.0
   44.2  C    -1 UNKNOWN      1 |    7    4    4   12 | 46.7 26.7 26.7
   44.2  D     0 BLACK       22 |  100  113   86  235 | 33.4 37.8 28.8
   44.4  C    -1 UNKNOWN      1 |    9    5    6   14 | 45.0 25.0 30.0
   44.4  D    -1 UNKNOWN      1 |    9    4    4   14 | 52.9 23.5 23.5
   44.7  C    -1 UNKNOWN      0 |    6    4    4   10 | 42.9 28.6 28.6
   44.7  D    -1 UNKNOWN      0 |    5    2    2    8 | 55.6 22.2 22.2
   44.9  C     6 GREEN        9 |   41   46   30   98 | 35.0 39.3 25.6
   44.9  D    -1 UNKNOWN      1 |    8    4    4   12 | 50.0 25.0 25.0
   45.2  C    10 WHITE       30 |  139  154  122  313 | 33.5 37.1 29.4
   45.2  D    -1 UNKNOWN      0 |    4    2    2    8 | 50.0 25.0 25.0
   45.4  C    -1 UNKNOWN     33 |  154  174  129  345 | 33.7 38.1 28.2
   45.4  D    -1 UNKNOWN      0 |    4    3    2    5 | 44.4 33.3 22.2
   45.7  C     6 GREEN       97 |  456  533  360  995 | 33.8 39.5 26.7
   45.7  D    -1 UNKNOWN      0 |    2    1    2    3 | 40.0 20.0 40.0
   45.9  C     6 GREEN       99 |  690  803  548 1019 | 33.8 39.3 26.8
   45.9  D    -1 UNKNOWN      0 |    2    1    0    2 | 66.7 33.3  0.0
   46.2  C     6 GREEN       99 |  848  988  678 1021 | 33.7 39.3 27.0
   46.2  D    -1 UNKNOWN      0 |    3    1    2    5 | 50.0 16.7 33.3
   46.4  C    10 WHITE       99 | 1023 1023  890 1022 | 34.8 34.8 30.3
   46.4  D    -1 UNKNOWN      0 |    4    3    4    6 | 36.4 27.3 36.4
   46.7  C    10 WHITE       99 | 1023 1023  907 1021 | 34.6 34.6 30.7
   46.7  D    -1 UNKNOWN      0 |    5    3    4    8 | 41.7 25.0 33.3
   46.9  C    10 WHITE       99 | 1023 1023  905 1021 | 34.7 34.7 30.7
   46.9  D    -1 UNKNOWN      0 |    7    4    4   10 | 46.7 26.7 26.7
   47.2  C    10 WHITE       99 | 1023 1023  924 1021 | 34.4 34.4 31.1
   47.2  D    -1 UNKNOWN      1 |    8    4    4   13 | 50.0 25.0 25.0
   47.4  C     6 GREEN       72 |  328  373  255  740 | 34.3 39.0 26.7
   47.4  D    -1 UNKNOWN      1 |    7    4    4   12 | 46.7 26.7 26.7
   47.7  C    -1 UNKNOWN      1 |    9    6    6   14 | 42.9 28.6 28.6
   47.7  D    -1 UNKNOWN      1 |   12    6    5   18 | 52.2 26.1 21.7
   47.9  C    -1 UNKNOWN      1 |   10    6    6   18 | 45.5 27.3 27.3
   47.9  D    -1 UNKNOWN      0 |    7    4    4   10 | 46.7 26.7 26.7
   48.2  C    -1 UNKNOWN      1 |   10    7    8   19 | 40.0 28.0 32.0
   48.2  D    -1 UNKNOWN      1 |    8    4    3   13 | 53.3 26.7 20.0
   48.4  C    -1 UNKNOWN      0 |    5    2    4    9 | 45.5 18.2 36.4
   48.4  D    -1 UNKNOWN      0 |    2    2    0    2 | 50.0 50.0  0.0
   48.7  C    -1 UNKNOWN      0 |    1    1    2    2 | 25.0 25.0 50.0
   48.7  D    -1 UNKNOWN      0 |    1    1    1    2 | 33.3 33.3 33.3
   48.9  C    -1 UNKNOWN      0 |    3    1    2    5 | 50.0 16.7 33.3
   48.9  D    -1 UNKNOWN      0 |    6    3    2    9 | 54.5 27.3 18.2
   49.2  C    -1 UNKNOWN      0 |    0    1    0    1 |  0.0 100.0  0.0
   49.2  D    -1 UNKNOWN      1 |    8    5    5   14 | 44.4 27.8 27.8
   49.4  C    -1 UNKNOWN      0 |    2    1    2    5 | 40.0 20.0 40.0
   49.4  D    -1 UNKNOWN      2 |   14    8    7   23 | 48.3 27.6 24.1
   49.7  C    -1 UNKNOWN      1 |    6    6    6   12 | 33.3 33.3 33.3
   49.7  D    -1 UNKNOWN      3 |   26   12   12   39 | 52.0 24.0 24.0
   50.0  C    -1 UNKNOWN      1 |    7    4    4   12 | 46.7 26.7 26.7
   50.0  D    -1 UNKNOWN      1 |   10    5    6   17 | 47.6 23.8 28.6
   50.2  C    -1 UNKNOWN      1 |    8    6    6   16 | 40.0 30.0 30.0
   50.2  D    -1 UNKNOWN      3 |   25   12   10   36 | 53.2 25.5 21.3
   50.5  C    -1 UNKNOWN      1 |    7    5    4   12 | 43.8 31.3 25.0
   50.5  D    -1 UNKNOWN      3 |   21   10    9   33 | 52.5 25.0 22.5
   50.7  C    -1 UNKNOWN      0 |    3    3    2    7 | 37.5 37.5 25.0
   50.7  D    -1 UNKNOWN      3 |   25   12   12   38 | 51.0 24.5 24.5
   51.0  C    -1 UNKNOWN      0 |    3    4    2    8 | 33.3 44.4 22.2
   51.0  D    -1 UNKNOWN      3 |   24   12   10   37 | 52.2 26.1 21.7
   51.2  C    -1 UNKNOWN      0 |    3    3    4    7 | 30.0 30.0 40.0
   51.2  D    -1 UNKNOWN      3 |   24   11   10   35 | 53.3 24.4 22.2
   51.5  C    -1 UNKNOWN      1 |    7    5    4   13 | 43.8 31.3 25.0
   51.5  D    -1 UNKNOWN      2 |   20   11    8   30 | 51.3 28.2 20.5
   51.7  C    -1 UNKNOWN      1 |   10    8    8   19 | 38.5 30.8 30.8
   51.7  D    -1 UNKNOWN      2 |   20    9    7   29 | 55.6 25.0 19.4
   52.0  C    -1 UNKNOWN      1 |    9    6    6   19 | 42.9 28.6 28.6
   52.0  D    -1 UNKNOWN      3 |   20   11   10   32 | 48.8 26.8 24.4
   52.2  C    -1 UNKNOWN      1 |   10    8    6   20 | 41.7 33.3 25.0
   52.2  D    -1 UNKNOWN      3 |   21    9    9   32 | 53.8 23.1 23.1
   52.5  C    -1 UNKNOWN      1 |    7    5    6   14 | 38.9 27.8 33.3
   52.5  D    -1 UNKNOWN      3 |   22   11   10   34 | 51.2 25.6 23.3
   52.7  C    -1 UNKNOWN      0 |    4    4    4    9 | 33.3 33.3 33.3
   52.7  D    -1 UNKNOWN      3 |   23   12   10   36 | 51.1 26.7 22.2
   53.0  C    -1 UNKNOWN      0 |    4    4    4   10 | 33.3 33.3 33.3
   53.0  D    -1 UNKNOWN      3 |   23   12   10   35 | 51.1 26.7 22.2
   53.2  C    -1 UNKNOWN      1 |    5    5    6   11 | 31.3 31.3 37.5
   53.2  D    -1 UNKNOWN      3 |   22   11   10   33 | 51.2 25.6 23.3
   53.5  C    -1 UNKNOWN      0 |    5    4    6   10 | 33.3 26.7 40.0
   53.5  D    -1 UNKNOWN      2 |   20    9    9   30 | 52.6 23.7 23.7
   53.7  C    -1 UNKNOWN      1 |    9    6    6   17 | 42.9 28.6 28.6
   53.7  D    -1 UNKNOWN      2 |   18    9    7   27 | 52.9 26.5 20.6
   54.0  C    -1 UNKNOWN      2 |   11   10   10   21 | 35.5 32.3 32.3
   54.0  D    -1 UNKNOWN      2 |   18    9    7   25 | 52.9 26.5 20.6
   54.2  C    -1 UNKNOWN      1 |    9    8    8   20 | 36.0 32.0 32.0
   54.2  D    -1 UNKNOWN      3 |   21   11    8   32 | 52.5 27.5 20.0
   54.5  C    -1 UNKNOWN      1 |    6    7    4   14 | 35.3 41.2 23.5
   54.5  D    -1 UNKNOWN      3 |   27   13   12   40 | 51.9 25.0 23.1
   54.7  C    -1 UNKNOWN      1 |    7    7    8   16 | 31.8 31.8 36.4
   54.7  D    -1 UNKNOWN      5 |   35   16   16   53 | 52.2 23.9 23.9
   55.0  C    -1 UNKNOWN      0 |    4    5    4    9 | 30.8 38.5 30.8
   55.0  D    -1 UNKNOWN      4 |   31   15   14   47 | 51.7 25.0 23.3
   55.2  C    -1 UNKNOWN      1 |    6    6    6   15 | 33.3 33.3 33.3
   55.2  D    -1 UNKNOWN      5 |   38   18   16   58 | 52.8 25.0 22.2
Traceback (most recent call last):
  File "<stdin>", line 90, in <module>
KeyboardInterrupt: 
>>> 
