# ran: examples/color_live.py
# NOTE: this is program OUTPUT; the source is in examples/color_live.py

# examples/color_live.py — stream BOTH colour sensors so surfaces can be compared live.
==========================================================================
COLOUR SENSORS -- LIVE. Hold each surface under sensor C and keep it still.
==========================================================================

  Surfaces that matter: floor | YELLOW note | BLUE tape | SILVER tape
  Watch the 'name' column and the r:g:b ratios, not the raw numbers.

   t(s)  P  color name      refl |   r    g    b    i | r%%   g%%   b%%
  ----------------------------------------------------------------------
    0.0  C    10 WHITE       77 |  345  355  341  789 | 33.1 34.1 32.8
    0.0  D     0 BLACK       14 |   69   66   58  149 | 35.8 34.2 30.1
    0.3  C    10 WHITE       76 |  343  352  339  782 | 33.2 34.0 32.8
    0.3  D     0 BLACK       14 |   68   65   56  147 | 36.0 34.4 29.6
    0.5  C    10 WHITE       77 |  346  356  343  789 | 33.1 34.1 32.8
    0.5  D     0 BLACK       14 |   69   66   58  148 | 35.8 34.2 30.1
    0.8  C    10 WHITE       77 |  346  355  343  790 | 33.1 34.0 32.9
    0.8  D     0 BLACK       14 |   69   66   58  148 | 35.8 34.2 30.1
    1.0  C    10 WHITE       76 |  343  352  339  781 | 33.2 34.0 32.8
    1.0  D     0 BLACK       14 |   69   66   58  148 | 35.8 34.2 30.1
    1.3  C    10 WHITE       76 |  343  352  339  785 | 33.2 34.0 32.8
    1.3  D     0 BLACK       14 |   69   66   58  149 | 35.8 34.2 30.1
    1.5  C    10 WHITE       77 |  347  356  343  793 | 33.2 34.0 32.8
    1.5  D     0 BLACK       14 |   70   67   58  151 | 35.9 34.4 29.7
    1.8  C    10 WHITE       77 |  350  357  343  795 | 33.3 34.0 32.7
    1.8  D     0 BLACK       15 |   73   69   61  157 | 36.0 34.0 30.0
    2.0  C    10 WHITE       78 |  354  363  346  801 | 33.3 34.1 32.5
    2.0  D     0 BLACK       15 |   73   70   61  158 | 35.8 34.3 29.9
    2.3  C    10 WHITE       78 |  355  363  346  802 | 33.4 34.1 32.5
    2.3  D     0 BLACK       15 |   74   70   61  159 | 36.1 34.1 29.8
    2.5  C    10 WHITE       78 |  355  363  346  805 | 33.4 34.1 32.5
    2.5  D     0 BLACK       15 |   74   71   61  160 | 35.9 34.5 29.6
    2.8  C    10 WHITE       79 |  357  364  348  812 | 33.4 34.1 32.6
    2.8  D     0 BLACK       15 |   73   70   61  158 | 35.8 34.3 29.9
    3.0  C    10 WHITE       79 |  360  368  352  813 | 33.3 34.1 32.6
    3.0  D     0 BLACK       15 |   74   71   61  160 | 35.9 34.5 29.6
    3.3  C    10 WHITE       79 |  359  367  352  812 | 33.3 34.0 32.7
    3.3  D     0 BLACK       15 |   74   70   61  159 | 36.1 34.1 29.8
    3.5  C    10 WHITE       80 |  361  368  352  821 | 33.4 34.0 32.6
    3.5  D     0 BLACK       15 |   75   71   61  161 | 36.2 34.3 29.5
    3.8  C    10 WHITE       79 |  361  369  354  817 | 33.3 34.0 32.7
    3.8  D     0 BLACK       15 |   73   70   61  158 | 35.8 34.3 29.9
    4.0  C    10 WHITE       80 |  362  369  354  823 | 33.4 34.0 32.6
    4.0  D     0 BLACK       15 |   74   70   61  159 | 36.1 34.1 29.8
    4.3  C    10 WHITE       80 |  362  369  354  824 | 33.4 34.0 32.6
    4.3  D     0 BLACK       15 |   73   69   61  156 | 36.0 34.0 30.0
    4.5  C    10 WHITE       79 |  359  367  352  816 | 33.3 34.0 32.7
    4.5  D     0 BLACK       15 |   73   70   61  158 | 35.8 34.3 29.9
    4.8  C    10 WHITE       79 |  360  368  352  819 | 33.3 34.1 32.6
    4.8  D     0 BLACK       15 |   73   70   61  157 | 35.8 34.3 29.9
    5.0  C    10 WHITE       79 |  360  368  352  816 | 33.3 34.1 32.6
    5.0  D     0 BLACK       15 |   72   69   59  156 | 36.0 34.5 29.5
    5.3  C    10 WHITE       80 |  362  369  354  820 | 33.4 34.0 32.6
    5.3  D     0 BLACK       15 |   73   70   61  158 | 35.8 34.3 29.9
    5.5  C    10 WHITE       79 |  359  365  350  814 | 33.4 34.0 32.6
    5.5  D     0 BLACK       15 |   73   70   61  157 | 35.8 34.3 29.9
    5.8  C    10 WHITE       79 |  362  369  354  819 | 33.4 34.0 32.6
    5.8  D     0 BLACK       15 |   73   70   61  157 | 35.8 34.3 29.9
    6.0  C    10 WHITE       79 |  363  371  354  818 | 33.4 34.1 32.5
    6.0  D     0 BLACK       15 |   72   69   59  156 | 36.0 34.5 29.5
    6.3  C    10 WHITE       80 |  363  371  354  826 | 33.4 34.1 32.5
    6.3  D     0 BLACK       15 |   72   69   59  155 | 36.0 34.5 29.5
    6.5  C    10 WHITE       80 |  363  371  356  824 | 33.3 34.0 32.7
    6.5  D     0 BLACK       15 |   73   70   61  158 | 35.8 34.3 29.9
    6.8  C    10 WHITE       80 |  363  371  356  820 | 33.3 34.0 32.7
    6.8  D     0 BLACK       15 |   74   70   61  159 | 36.1 34.1 29.8
    7.0  C    10 WHITE       80 |  363  371  354  826 | 33.4 34.1 32.5
    7.0  D     0 BLACK       15 |   74   70   61  158 | 36.1 34.1 29.8
    7.3  C    10 WHITE       79 |  361  368  352  819 | 33.4 34.0 32.6
    7.3  D     0 BLACK       15 |   73   70   61  158 | 35.8 34.3 29.9
    7.5  C    10 WHITE       79 |  360  368  352  817 | 33.3 34.1 32.6
    7.5  D     0 BLACK       15 |   73   70   61  157 | 35.8 34.3 29.9
    7.8  C    10 WHITE       79 |  361  368  352  817 | 33.4 34.0 32.6
    7.8  D     0 BLACK       15 |   72   69   59  156 | 36.0 34.5 29.5
    8.0  C    10 WHITE       80 |  361  369  354  822 | 33.3 34.0 32.7
    8.0  D     0 BLACK       14 |   70   67   58  151 | 35.9 34.4 29.7
    8.3  C    10 WHITE       80 |  363  371  354  820 | 33.4 34.1 32.5
    8.3  D     0 BLACK       14 |   71   67   59  152 | 36.0 34.0 29.9
    8.5  C    10 WHITE       80 |  365  372  358  825 | 33.3 34.0 32.7
    8.5  D     0 BLACK       14 |   70   67   58  151 | 35.9 34.4 29.7
    8.8  C    10 WHITE       80 |  364  372  358  825 | 33.3 34.0 32.7
    8.8  D     0 BLACK       14 |   70   66   58  150 | 36.1 34.0 29.9
    9.0  C    10 WHITE       80 |  364  372  358  827 | 33.3 34.0 32.7
    9.0  D     0 BLACK       14 |   70   66   58  150 | 36.1 34.0 29.9
    9.3  C    10 WHITE       80 |  363  371  354  827 | 33.4 34.1 32.5
    9.3  D     0 BLACK       14 |   70   66   58  150 | 36.1 34.0 29.9
    9.5  C    10 WHITE       80 |  363  371  354  821 | 33.4 34.1 32.5
    9.5  D     0 BLACK       14 |   71   67   58  152 | 36.2 34.2 29.6
    9.8  C    10 WHITE       78 |  352  360  346  803 | 33.3 34.0 32.7
    9.8  D     0 BLACK       14 |   67   63   56  144 | 36.0 33.9 30.1
   10.0  C    10 WHITE       78 |  352  361  346  799 | 33.2 34.1 32.7
   10.0  D     0 BLACK       13 |   66   63   54  143 | 36.1 34.4 29.5
   10.3  C    10 WHITE       78 |  349  359  344  799 | 33.2 34.1 32.7
   10.3  D     0 BLACK       13 |   66   63   54  142 | 36.1 34.4 29.5
   10.5  C    10 WHITE       77 |  349  359  344  795 | 33.2 34.1 32.7
   10.5  D     0 BLACK       13 |   67   63   54  143 | 36.4 34.2 29.3
   10.8  C    10 WHITE       77 |  347  357  343  793 | 33.1 34.1 32.8
   10.8  D     0 BLACK       13 |   66   63   54  143 | 36.1 34.4 29.5
   11.0  C    10 WHITE       77 |  350  360  346  795 | 33.1 34.1 32.8
   11.0  D     0 BLACK       13 |   67   63   56  143 | 36.0 33.9 30.1
   11.3  C    10 WHITE       77 |  350  359  346  795 | 33.2 34.0 32.8
   11.3  D     0 BLACK       13 |   66   62   54  141 | 36.3 34.1 29.7
   11.5  C    10 WHITE       77 |  350  360  346  798 | 33.1 34.1 32.8
   11.5  D     0 BLACK       13 |   65   62   54  140 | 35.9 34.3 29.8
   11.8  C    10 WHITE       77 |  350  359  346  796 | 33.2 34.0 32.8
   11.8  D     0 BLACK       13 |   65   62   54  141 | 35.9 34.3 29.8
   12.1  C    10 WHITE       78 |  349  359  346  800 | 33.1 34.1 32.8
   12.1  D     0 BLACK       13 |   66   63   54  142 | 36.1 34.4 29.5
   12.3  C    10 WHITE       77 |  349  359  346  793 | 33.1 34.1 32.8
   12.3  D     0 BLACK       13 |   66   63   54  142 | 36.1 34.4 29.5
   12.6  C    10 WHITE       77 |  350  359  346  793 | 33.2 34.0 32.8
   12.6  D     0 BLACK       13 |   66   63   54  142 | 36.1 34.4 29.5
   12.8  C    10 WHITE       78 |  349  359  346  800 | 33.1 34.1 32.8
   12.8  D     0 BLACK       13 |   66   62   54  141 | 36.3 34.1 29.7
   13.1  C    10 WHITE       77 |  347  356  344  794 | 33.1 34.0 32.9
   13.1  D     0 BLACK       13 |   66   62   54  142 | 36.3 34.1 29.7
   13.3  C    10 WHITE       78 |  350  360  346  800 | 33.1 34.1 32.8
   13.3  D     0 BLACK       13 |   66   62   54  141 | 36.3 34.1 29.7
   13.6  C    10 WHITE       77 |  350  360  346  798 | 33.1 34.1 32.8
   13.6  D     0 BLACK       13 |   66   62   54  142 | 36.3 34.1 29.7
   13.8  C    10 WHITE       78 |  350  360  346  801 | 33.1 34.1 32.8
   13.8  D     0 BLACK       13 |   66   62   54  141 | 36.3 34.1 29.7
   14.1  C    10 WHITE       77 |  348  357  346  792 | 33.1 34.0 32.9
   14.1  D     0 BLACK       13 |   66   62   54  141 | 36.3 34.1 29.7
   14.3  C    10 WHITE       77 |  347  356  344  793 | 33.1 34.0 32.9
   14.3  D     0 BLACK       13 |   65   62   54  140 | 35.9 34.3 29.8
   14.6  C    10 WHITE       77 |  347  356  344  794 | 33.1 34.0 32.9
   14.6  D     0 BLACK       13 |   65   62   54  139 | 35.9 34.3 29.8
   14.8  C    10 WHITE       77 |  347  356  344  793 | 33.1 34.0 32.9
   14.8  D     0 BLACK       13 |   64   61   53  138 | 36.0 34.3 29.8
   15.1  C    10 WHITE       77 |  347  356  344  794 | 33.1 34.0 32.9
   15.1  D     0 BLACK       13 |   64   61   53  138 | 36.0 34.3 29.8
   15.3  C    10 WHITE       77 |  347  356  344  794 | 33.1 34.0 32.9
   15.3  D     0 BLACK       13 |   64   61   53  138 | 36.0 34.3 29.8
   15.6  C    10 WHITE       77 |  347  356  344  791 | 33.1 34.0 32.9
   15.6  D     0 BLACK       13 |   64   61   53  138 | 36.0 34.3 29.8
   15.8  C    10 WHITE       77 |  349  359  346  795 | 33.1 34.1 32.8
   15.8  D     0 BLACK       13 |   64   61   53  138 | 36.0 34.3 29.8
   16.1  C    10 WHITE       77 |  348  356  344  796 | 33.2 34.0 32.8
   16.1  D     0 BLACK       13 |   64   61   53  138 | 36.0 34.3 29.8
   16.3  C    10 WHITE       78 |  349  359  346  800 | 33.1 34.1 32.8
   16.3  D     0 BLACK       13 |   65   62   53  139 | 36.1 34.4 29.4
   16.6  C    10 WHITE       77 |  347  356  344  794 | 33.1 34.0 32.9
   16.6  D     0 BLACK       13 |   65   62   54  139 | 35.9 34.3 29.8
   16.8  C    10 WHITE       77 |  346  355  343  791 | 33.1 34.0 32.9
   16.8  D     0 BLACK       13 |   65   61   54  139 | 36.1 33.9 30.0
   17.1  C    10 WHITE       77 |  348  357  344  796 | 33.2 34.0 32.8
   17.1  D     0 BLACK       13 |   66   62   54  142 | 36.3 34.1 29.7
   17.3  C    10 WHITE       79 |  357  365  350  813 | 33.3 34.0 32.6
   17.3  D     0 BLACK       14 |   68   65   56  146 | 36.0 34.4 29.6
   17.6  C    10 WHITE       79 |  359  368  354  814 | 33.2 34.0 32.7
   17.6  D     0 BLACK       14 |   69   65   56  148 | 36.3 34.2 29.5
   17.8  C    10 WHITE       79 |  360  368  354  816 | 33.3 34.0 32.7
   17.8  D     0 BLACK       13 |   66   63   54  142 | 36.1 34.4 29.5
   18.1  C    10 WHITE       79 |  357  365  352  813 | 33.2 34.0 32.8
   18.1  D     0 BLACK       13 |   67   63   56  143 | 36.0 33.9 30.1
   18.3  C    10 WHITE       79 |  357  365  352  816 | 33.2 34.0 32.8
   18.3  D     0 BLACK       13 |   67   63   54  143 | 36.4 34.2 29.3
   18.6  C    10 WHITE       78 |  354  363  348  803 | 33.2 34.1 32.7
   18.6  D     0 BLACK       22 |  105  101   88  229 | 35.7 34.4 29.9
   18.8  C    10 WHITE       78 |  354  363  348  804 | 33.2 34.1 32.7
   18.8  D    10 WHITE       63 |  298  289  251  653 | 35.6 34.5 30.0
   19.1  C    10 WHITE       83 |  383  390  369  860 | 33.5 34.2 32.3
   19.1  D    10 WHITE       76 |  357  345  299  779 | 35.7 34.5 29.9
   19.3  C    10 WHITE       93 |  432  431  399  960 | 34.2 34.2 31.6
   19.3  D    10 WHITE       81 |  385  372  321  831 | 35.7 34.5 29.8
   19.6  C    10 WHITE      100 |  522  512  462 1024 | 34.9 34.2 30.9
   19.6  D    10 WHITE       83 |  395  381  328  850 | 35.8 34.5 29.7
   19.8  C    10 WHITE      100 |  526  515  462 1024 | 35.0 34.3 30.7
   19.8  D    10 WHITE       81 |  392  377  325  837 | 35.8 34.5 29.7
   20.1  C    10 WHITE      100 |  503  496  449 1024 | 34.7 34.3 31.0
   20.1  D    10 WHITE       77 |  368  355  306  795 | 35.8 34.5 29.7
   20.3  C    10 WHITE       99 |  477  467  423 1023 | 34.9 34.2 30.9
   20.3  D    10 WHITE       64 |  307  297  256  662 | 35.7 34.5 29.8
   20.6  C    10 WHITE       88 |  413  408  373  909 | 34.6 34.2 31.2
   20.6  D     0 BLACK       21 |  102   97   83  218 | 36.2 34.4 29.4
   20.8  C    10 WHITE       81 |  380  373  341  835 | 34.7 34.1 31.2
   20.8  D     0 BLACK       16 |   78   75   65  169 | 35.8 34.4 29.8
   21.1  C    10 WHITE       87 |  407  403  373  895 | 34.4 34.1 31.5
   21.1  D     0 BLACK       12 |   62   59   51  132 | 36.0 34.3 29.7
   21.3  C    10 WHITE       74 |  321  347  348  761 | 31.6 34.2 34.3
   21.3  D     0 BLACK       17 |   80   81   70  182 | 34.6 35.1 30.3
   21.6  C    10 WHITE       62 |  269  289  290  635 | 31.7 34.1 34.2
   21.6  D     0 BLACK       12 |   58   58   51  132 | 34.7 34.7 30.5
   21.8  C     0 BLACK       30 |  139  137  129  311 | 34.3 33.8 31.9
   21.8  D    10 WHITE       69 |  325  309  270  710 | 36.0 34.2 29.9
   22.1  C    10 WHITE       40 |  193  181  155  410 | 36.5 34.2 29.3
   22.1  D    10 WHITE       44 |  214  200  176  456 | 36.3 33.9 29.8
   22.3  C    10 WHITE       37 |  180  169  144  382 | 36.5 34.3 29.2
   22.3  D     0 BLACK       26 |  129  121  106  276 | 36.2 34.0 29.8
   22.6  C     0 BLACK        6 |   34   30   26   71 | 37.8 33.3 28.9
   22.6  D     0 BLACK        7 |   36   35   31   78 | 35.3 34.3 30.4
   22.8  C    -1 UNKNOWN      1 |    5    6    6   11 | 29.4 35.3 35.3
   22.8  D    -1 UNKNOWN      0 |    1    2    1    3 | 25.0 50.0 25.0
   23.1  C    -1 UNKNOWN      0 |    1    1    1    2 | 33.3 33.3 33.3
   23.1  D    -1 UNKNOWN      0 |    1    1    1    2 | 33.3 33.3 33.3
   23.3  C    -1 UNKNOWN      0 |    1    1    1    2 | 33.3 33.3 33.3
   23.3  D    -1 UNKNOWN      0 |    0    0    1    1 |  0.0  0.0 100.0
   23.6  C    -1 UNKNOWN      0 |    1    1    1    3 | 33.3 33.3 33.3
   23.6  D    -1 UNKNOWN      0 |    1    0    0    3 | 100.0  0.0  0.0
   23.8  C    -1 UNKNOWN      0 |    2    4    3    6 | 22.2 44.4 33.3
   23.8  D    -1 UNKNOWN      1 |    5    6    6   13 | 29.4 35.3 35.3
   24.1  C    -1 UNKNOWN      2 |    9   10   13   24 | 28.1 31.3 40.6
   24.1  D    -1 UNKNOWN      2 |   11   13   13   28 | 29.7 35.1 35.1
   24.3  C    -1 UNKNOWN      2 |    8   10   11   22 | 27.6 34.5 37.9
   24.3  D    -1 UNKNOWN      2 |    9   11   11   24 | 29.0 35.5 35.5
   24.6  C    -1 UNKNOWN      2 |    8    9   11   21 | 28.6 32.1 39.3
   24.6  D    -1 UNKNOWN      2 |    8    9   11   21 | 28.6 32.1 39.3
   24.9  C    -1 UNKNOWN      1 |    8    9   11   20 | 28.6 32.1 39.3
   24.9  D    -1 UNKNOWN      2 |    8    9   11   21 | 28.6 32.1 39.3
   25.1  C    -1 UNKNOWN      1 |    8    9   11   20 | 28.6 32.1 39.3
   25.1  D    -1 UNKNOWN      2 |    9   10   11   24 | 30.0 33.3 36.7
   25.4  C    -1 UNKNOWN      2 |    8    9   11   22 | 28.6 32.1 39.3
   25.4  D    -1 UNKNOWN      2 |   10   11   13   25 | 29.4 32.4 38.2
   25.6  C    -1 UNKNOWN      2 |    8   10   11   22 | 27.6 34.5 37.9
   25.6  D    -1 UNKNOWN      2 |   10   11   13   24 | 29.4 32.4 38.2
   25.9  C    -1 UNKNOWN     99 |  830  928  693 1023 | 33.9 37.9 28.3
   25.9  D    10 WHITE       99 | 1024 1024  925 1023 | 34.4 34.4 31.1
   26.1  C    10 WHITE       99 | 1024 1024  884 1023 | 34.9 34.9 30.2
   26.1  D     6 GREEN      100 |  746  921  612 1024 | 32.7 40.4 26.9
   26.4  C    10 WHITE       99 | 1024 1024  899 1023 | 34.7 34.7 30.5
   26.4  D    10 WHITE       99 | 1024 1024  971 1023 | 33.9 33.9 32.2
   26.6  C    10 WHITE       99 |  974 1024  830 1023 | 34.4 36.2 29.3
   26.6  D    10 WHITE       99 | 1024 1024  886 1023 | 34.9 34.9 30.2
   26.9  C    10 WHITE       99 |  926 1024  776 1023 | 34.0 37.6 28.5
   26.9  D    10 WHITE       99 | 1024 1024  867 1023 | 35.1 35.1 29.7
   27.1  C    -1 UNKNOWN     99 |  875  999  738 1023 | 33.5 38.2 28.3
   27.1  D    10 WHITE       99 | 1024 1024  961 1023 | 34.0 34.0 31.9
   27.4  C    10 WHITE       99 |  919 1024  774 1023 | 33.8 37.7 28.5
   27.4  D    10 WHITE       99 | 1024 1024  971 1023 | 33.9 33.9 32.2
   27.6  C    10 WHITE       99 |  979 1024  839 1023 | 34.4 36.0 29.5
   27.6  D    10 WHITE       99 | 1024 1024  965 1023 | 34.0 34.0 32.0
   27.9  C    10 WHITE       99 | 1024 1024  905 1023 | 34.7 34.7 30.6
   27.9  D    10 WHITE      100 |  932 1024  776 1024 | 34.1 37.5 28.4
   28.1  C    10 WHITE       99 | 1024 1024  901 1023 | 34.7 34.7 30.6
   28.1  D    -1 UNKNOWN    100 |  900 1024  756 1024 | 33.6 38.2 28.2
   28.4  C    10 WHITE       99 | 1024 1024  907 1023 | 34.7 34.7 30.7
   28.4  D     6 GREEN      100 |  847 1022  705 1024 | 32.9 39.7 27.4
   28.6  C    -1 UNKNOWN     10 |   42   48   35  105 | 33.6 38.4 28.0
   28.6  D    -1 UNKNOWN     16 |   72   84   61  173 | 33.2 38.7 28.1
   28.9  C    -1 UNKNOWN      2 |    8    9   11   22 | 28.6 32.1 39.3
   28.9  D    -1 UNKNOWN      2 |    9   10   11   25 | 30.0 33.3 36.7
   29.1  C    -1 UNKNOWN      2 |    8    9   11   22 | 28.6 32.1 39.3
   29.1  D    -1 UNKNOWN      2 |    9   10   11   23 | 30.0 33.3 36.7
   29.4  C    -1 UNKNOWN      1 |    8    9   11   20 | 28.6 32.1 39.3
   29.4  D    -1 UNKNOWN      1 |    8    9   11   20 | 28.6 32.1 39.3
   29.6  C    -1 UNKNOWN      1 |    8    9   11   20 | 28.6 32.1 39.3
   29.6  D    -1 UNKNOWN      2 |    8    9   11   21 | 28.6 32.1 39.3
   29.9  C    -1 UNKNOWN      1 |    8    9   11   20 | 28.6 32.1 39.3
   29.9  D    -1 UNKNOWN      2 |    9   10   11   23 | 30.0 33.3 36.7
   30.1  C    -1 UNKNOWN      2 |    8    9   11   22 | 28.6 32.1 39.3
   30.1  D     0 BLACK       27 |  121  137  136  283 | 30.7 34.8 34.5
   30.4  C    -1 UNKNOWN     77 |  246  383  425  789 | 23.3 36.3 40.3
   30.4  D    -1 UNKNOWN     99 |  353  524  590 1020 | 24.1 35.7 40.2
   30.6  C     4 AZURE       99 |  527  893 1004 1023 | 21.7 36.8 41.4
   30.6  D     4 AZURE       99 |  532  892 1019 1023 | 21.8 36.5 41.7
   30.9  C     4 AZURE      100 |  550  981 1024 1024 | 21.5 38.4 40.1
   30.9  D     4 AZURE       99 |  544  992 1024 1023 | 21.3 38.8 40.0
   31.1  C     4 AZURE      100 |  521  988 1024 1024 | 20.6 39.0 40.4
   31.1  D     4 AZURE      100 |  517  996 1024 1024 | 20.4 39.3 40.4
   31.4  C     4 AZURE      100 |  563 1009 1024 1024 | 21.7 38.9 39.4
   31.4  D    -1 UNKNOWN    100 |  467  705  783 1024 | 23.9 36.1 40.1
   31.6  C     6 GREEN       99 |  568 1024 1024 1023 | 21.7 39.1 39.1
   31.6  D    -1 UNKNOWN      2 |    9   11   13   25 | 27.3 33.3 39.4
   31.9  C     4 AZURE      100 |  522  995 1024 1024 | 20.5 39.2 40.3
   31.9  D    -1 UNKNOWN      2 |    9   10   11   23 | 30.0 33.3 36.7
   32.1  C     4 AZURE      100 |  514  988 1024 1024 | 20.3 39.1 40.5
   32.1  D    -1 UNKNOWN      2 |    8   10   11   22 | 27.6 34.5 37.9
   32.4  C     4 AZURE      100 |  530 1008 1024 1024 | 20.7 39.3 40.0
   32.4  D    -1 UNKNOWN      2 |    9   10   11   22 | 30.0 33.3 36.7
   32.6  C     6 GREEN      100 |  575 1024 1024 1024 | 21.9 39.0 39.0
   32.6  D    -1 UNKNOWN     13 |   52   69   75  141 | 26.5 35.2 38.3
   32.9  C     4 AZURE       99 |  528  872  972 1023 | 22.3 36.8 41.0
   32.9  D     4 AZURE       99 |  479  877 1023 1023 | 20.1 36.9 43.0
   33.1  C    10 WHITE       35 |  147  154  155  361 | 32.2 33.8 34.0
   33.1  D     4 AZURE       99 |  526  994 1024 1023 | 20.7 39.1 40.3
   33.4  C    -1 UNKNOWN      2 |    8    9   11   21 | 28.6 32.1 39.3
   33.4  D     4 AZURE       99 |  467  869 1013 1023 | 19.9 37.0 43.1
   33.6  C    -1 UNKNOWN      2 |    8    9   11   21 | 28.6 32.1 39.3
   33.6  D     4 AZURE       99 |  490  911 1024 1023 | 20.2 37.6 42.2
   33.9  C    -1 UNKNOWN      2 |    8    9   11   21 | 28.6 32.1 39.3
   33.9  D    -1 UNKNOWN     99 |  371  511  580 1022 | 25.4 35.0 39.7
   34.1  C    -1 UNKNOWN      1 |    7    9   11   19 | 25.9 33.3 40.7
   34.1  D    -1 UNKNOWN      2 |    8    9   11   21 | 28.6 32.1 39.3
   34.4  C    -1 UNKNOWN      1 |    8    9   11   19 | 28.6 32.1 39.3
   34.4  D    -1 UNKNOWN      2 |    9   10   11   22 | 30.0 33.3 36.7
   34.6  C    -1 UNKNOWN      2 |    8    9   11   21 | 28.6 32.1 39.3
   34.6  D    -1 UNKNOWN      2 |    9   10   11   24 | 30.0 33.3 36.7
   34.9  C    -1 UNKNOWN      2 |    8    9   11   21 | 28.6 32.1 39.3
   34.9  D    -1 UNKNOWN      2 |    9   10   11   22 | 30.0 33.3 36.7
   35.1  C    -1 UNKNOWN      1 |    8    9   11   20 | 28.6 32.1 39.3
   35.1  D    -1 UNKNOWN      1 |    8    9   10   20 | 29.6 33.3 37.0
   35.4  C    -1 UNKNOWN      1 |    8    9   11   20 | 28.6 32.1 39.3
   35.4  D    -1 UNKNOWN      1 |    7    9   10   20 | 26.9 34.6 38.5
   35.6  C    -1 UNKNOWN      3 |   16   13   14   34 | 37.2 30.2 32.6
   35.6  D    -1 UNKNOWN      2 |    9   10   11   22 | 30.0 33.3 36.7
   35.9  C     9 RED         18 |  111   54   65  192 | 48.3 23.5 28.3
   35.9  D    -1 UNKNOWN      2 |    8   10   11   21 | 27.6 34.5 37.9
   36.1  C    -1 UNKNOWN     36 |  226  134  148  377 | 44.5 26.4 29.1
   36.1  D    -1 UNKNOWN      1 |    8    9   10   20 | 29.6 33.3 37.0
   36.4  C     9 RED         79 |  533  244  288  813 | 50.0 22.9 27.0
   36.4  D    -1 UNKNOWN      1 |    8    9   10   20 | 29.6 33.3 37.0
   36.6  C     9 RED        100 |  936  317  412 1024 | 56.2 19.0 24.7
   36.6  D    -1 UNKNOWN      2 |    8    9   10   21 | 29.6 33.3 37.0
   36.9  C     9 RED         99 |  810  236  326 1023 | 59.0 17.2 23.8
   36.9  D    -1 UNKNOWN      2 |    8    9   10   21 | 29.6 33.3 37.0
   37.2  C     9 RED        100 |  826  249  343 1024 | 58.3 17.6 24.2
   37.2  D    -1 UNKNOWN      2 |    8    9   10   21 | 29.6 33.3 37.0
   37.4  C     9 RED        100 |  883  281  378 1024 | 57.3 18.2 24.5
   37.4  D    -1 UNKNOWN      2 |    8    9   10   21 | 29.6 33.3 37.0
   37.7  C     9 RED        100 |  821  249  341 1024 | 58.2 17.6 24.2
   37.7  D    -1 UNKNOWN      2 |    8    9   10   21 | 29.6 33.3 37.0
   37.9  C     9 RED        100 |  889  293  388 1024 | 56.6 18.7 24.7
   37.9  D     0 BLACK        7 |   31   34   34   72 | 31.3 34.3 34.3
   38.2  C     9 RED        100 |  973  357  449 1024 | 54.7 20.1 25.2
   38.2  D     0 BLACK       28 |  126  138  140  291 | 31.2 34.2 34.7
   38.4  C     9 RED         99 |  824  356  421 1023 | 51.5 22.2 26.3
   38.4  D     9 RED         99 |  764  320  393 1021 | 51.7 21.7 26.6
   38.7  C    -1 UNKNOWN     40 |  225  137  148  412 | 44.1 26.9 29.0
   38.7  D     9 RED        100 |  803  260  350 1024 | 56.8 18.4 24.8
   38.9  C     0 BLACK       22 |   94   88   91  226 | 34.4 32.2 33.3
   38.9  D     9 RED         99 |  880  313  407 1023 | 55.0 19.6 25.4
   39.2  C    -1 UNKNOWN      1 |    7    8    9   19 | 29.2 33.3 37.5
   39.2  D     9 RED        100 |  903  327  420 1024 | 54.7 19.8 25.5
   39.4  C    -1 UNKNOWN      1 |    7    8    9   19 | 29.2 33.3 37.5
   39.4  D     9 RED         92 |  648  268  326  950 | 52.2 21.6 26.2
   39.7  C    -1 UNKNOWN      1 |    7    9   11   19 | 25.9 33.3 40.7
   39.7  D    -1 UNKNOWN      1 |    8    9   10   20 | 29.6 33.3 37.0
   39.9  C    -1 UNKNOWN      1 |    6    8    9   17 | 26.1 34.8 39.1
   39.9  D    -1 UNKNOWN      1 |    7    8   10   19 | 28.0 32.0 40.0
   40.2  C    -1 UNKNOWN      1 |    6    8    9   17 | 26.1 34.8 39.1
   40.2  D    -1 UNKNOWN      1 |    8    9   10   20 | 29.6 33.3 37.0
   40.4  C    -1 UNKNOWN      1 |    7    8    9   18 | 29.2 33.3 37.5
   40.4  D    -1 UNKNOWN      2 |    9   10   11   22 | 30.0 33.3 36.7
   40.7  C    -1 UNKNOWN      1 |    7    9   11   20 | 25.9 33.3 40.7
   40.7  D    -1 UNKNOWN      2 |    8   10   11   21 | 27.6 34.5 37.9
   40.9  C    -1 UNKNOWN      1 |    7    9   11   19 | 25.9 33.3 40.7
   40.9  D    -1 UNKNOWN      1 |    7    8    9   19 | 29.2 33.3 37.5
   41.2  C    -1 UNKNOWN      1 |    7    8    9   18 | 29.2 33.3 37.5
   41.2  D    -1 UNKNOWN      1 |    7    8   10   18 | 28.0 32.0 40.0
   41.4  C    -1 UNKNOWN      1 |    6    8    9   18 | 26.1 34.8 39.1
   41.4  D    -1 UNKNOWN      2 |    8    9   10   21 | 29.6 33.3 37.0
   41.7  C    -1 UNKNOWN      1 |    7    9   11   19 | 25.9 33.3 40.7
   41.7  D    -1 UNKNOWN      2 |    8   10   11   21 | 27.6 34.5 37.9
   41.9  C    -1 UNKNOWN      1 |    7    9   11   19 | 25.9 33.3 40.7
   41.9  D    -1 UNKNOWN      1 |    7    9   10   20 | 26.9 34.6 38.5
   42.2  C    -1 UNKNOWN      1 |    7    8    9   18 | 29.2 33.3 37.5
   42.2  D    -1 UNKNOWN      1 |    7    9   10   20 | 26.9 34.6 38.5
   42.4  C    -1 UNKNOWN      4 |   17   22   24   50 | 27.0 34.9 38.1
   42.4  D    10 WHITE       35 |  146  149  166  367 | 31.7 32.3 36.0
   42.7  C     0 BLACK       32 |  133  136  146  330 | 32.0 32.8 35.2
   42.7  D    10 WHITE       59 |  250  259  288  609 | 31.4 32.5 36.1
   42.9  C    10 WHITE       64 |  273  276  294  659 | 32.4 32.7 34.9
   42.9  D    10 WHITE       95 |  409  431  474  979 | 31.1 32.8 36.1
   43.2  C    10 WHITE       69 |  291  292  309  712 | 32.6 32.7 34.6
   43.2  D    10 WHITE       99 |  652  696  769 1021 | 30.8 32.9 36.3
   43.4  C    10 WHITE       36 |  147  146  157  373 | 32.7 32.4 34.9
   43.4  D    10 WHITE       99 |  609  656  724 1020 | 30.6 33.0 36.4
   43.7  C    10 WHITE       56 |  234  237  249  578 | 32.5 32.9 34.6
   43.7  D    10 WHITE       99 |  664  714  782 1021 | 30.7 33.1 36.2
   43.9  C    10 WHITE       99 |  470  478  502 1021 | 32.4 33.0 34.6
   43.9  D    10 WHITE       99 | 1022 1023 1024 1022 | 33.3 33.3 33.4
   44.2  C    10 WHITE       99 |  680  699  742 1023 | 32.1 33.0 35.0
   44.2  D    10 WHITE       99 | 1023 1024 1024 1022 | 33.3 33.3 33.3
   44.4  C    10 WHITE       99 | 1021 1024 1024 1022 | 33.3 33.4 33.4
   44.4  D    10 WHITE       99 | 1023 1023 1024 1022 | 33.3 33.3 33.4
   44.7  C    10 WHITE       99 | 1000 1024 1024 1023 | 32.8 33.6 33.6
   44.7  D    -1 UNKNOWN      1 |    8    9   10   19 | 29.6 33.3 37.0
   44.9  C    10 WHITE       99 |  966 1020 1024 1022 | 32.1 33.9 34.0
   44.9  D    -1 UNKNOWN      1 |    8    9   10   19 | 29.6 33.3 37.0
   45.2  C    10 WHITE       99 | 1023 1024 1024 1023 | 33.3 33.3 33.3
   45.2  D    -1 UNKNOWN      1 |    8    9   10   20 | 29.6 33.3 37.0
   45.4  C    10 WHITE       34 |  151  154  169  358 | 31.9 32.5 35.7
   45.4  D    -1 UNKNOWN      1 |    8    9   10   20 | 29.6 33.3 37.0
   45.7  C    -1 UNKNOWN      2 |    8   12   13   24 | 24.2 36.4 39.4
   45.7  D    -1 UNKNOWN      1 |    6    8    9   18 | 26.1 34.8 39.1
   45.9  C    -1 UNKNOWN      3 |   13   13   15   37 | 31.7 31.7 36.6
   45.9  D    -1 UNKNOWN      1 |    6    8    9   18 | 26.1 34.8 39.1
   46.2  C    -1 UNKNOWN      1 |    7    8    9   17 | 29.2 33.3 37.5
   46.2  D    -1 UNKNOWN      2 |    8    9   10   21 | 29.6 33.3 37.0
   46.4  C    -1 UNKNOWN      1 |    7    8    9   18 | 29.2 33.3 37.5
   46.4  D    -1 UNKNOWN      2 |    8    9   10   21 | 29.6 33.3 37.0
   46.7  C    -1 UNKNOWN      1 |    7    8    9   19 | 29.2 33.3 37.5
   46.7  D    -1 UNKNOWN      1 |    7    9   10   18 | 26.9 34.6 38.5
   46.9  C    -1 UNKNOWN      1 |    6    8    9   17 | 26.1 34.8 39.1
   46.9  D    -1 UNKNOWN      1 |    6    6    9   17 | 28.6 28.6 42.9
   47.2  C    -1 UNKNOWN      1 |    5    8    9   16 | 22.7 36.4 40.9
   47.2  D    -1 UNKNOWN      1 |    6    7   10   17 | 26.1 30.4 43.5
   47.4  C    -1 UNKNOWN      1 |    7    8    9   18 | 29.2 33.3 37.5
   47.4  D    -1 UNKNOWN      2 |    9   10   11   21 | 30.0 33.3 36.7
   47.7  C    10 WHITE      100 |  871  965 1021 1024 | 30.5 33.8 35.7
   47.7  D    -1 UNKNOWN      1 |    8    9   10   20 | 29.6 33.3 37.0
   47.9  C    10 WHITE      100 |  778  870  924 1024 | 30.2 33.8 35.9
   47.9  D    -1 UNKNOWN      1 |    7    9   10   18 | 26.9 34.6 38.5
   48.2  C    10 WHITE      100 |  688  771  815 1024 | 30.3 33.9 35.8
   48.2  D    -1 UNKNOWN      1 |    7    9   10   18 | 26.9 34.6 38.5
   48.4  C    10 WHITE      100 |  614  697  736 1024 | 30.0 34.0 36.0
   48.4  D    -1 UNKNOWN      1 |    7    9   10   18 | 26.9 34.6 38.5
   48.7  C    10 WHITE      100 |  545  623  663 1024 | 29.8 34.0 36.2
   48.7  D    -1 UNKNOWN      1 |    7    9   10   20 | 26.9 34.6 38.5
   48.9  C    10 WHITE      100 |  468  535  569 1024 | 29.8 34.0 36.2
   48.9  D    -1 UNKNOWN      1 |    8    9   10   20 | 29.6 33.3 37.0
   49.2  C    10 WHITE       99 |  426  488  521 1021 | 29.7 34.0 36.3
   49.2  D    -1 UNKNOWN      1 |    7    9   10   18 | 26.9 34.6 38.5
   49.4  C    10 WHITE       97 |  398  459  487 1003 | 29.6 34.2 36.2
   49.4  D    -1 UNKNOWN      1 |    7    9   10   18 | 26.9 34.6 38.5
   49.7  C    10 WHITE       96 |  392  452  481  987 | 29.6 34.1 36.3
   49.7  D    -1 UNKNOWN      1 |    7    9   10   18 | 26.9 34.6 38.5
   50.0  C    10 WHITE       95 |  385  443  472  976 | 29.6 34.1 36.3
   50.0  D    -1 UNKNOWN      1 |    7    7   10   18 | 29.2 29.2 41.7
   50.2  C    10 WHITE       94 |  381  439  468  964 | 29.6 34.1 36.3
   50.2  D    -1 UNKNOWN      1 |    7    7   10   18 | 29.2 29.2 41.7
   50.5  C    10 WHITE       93 |  378  436  464  959 | 29.6 34.1 36.3
   50.5  D    -1 UNKNOWN      1 |    7    9   10   18 | 26.9 34.6 38.5
   50.7  C    10 WHITE       93 |  378  436  464  954 | 29.6 34.1 36.3
   50.7  D    -1 UNKNOWN      1 |    7    7   10   18 | 29.2 29.2 41.7
   51.0  C    10 WHITE       91 |  369  427  455  933 | 29.5 34.1 36.4
   51.0  D    -1 UNKNOWN      1 |    7    9   10   18 | 26.9 34.6 38.5
   51.2  C    10 WHITE       90 |  366  423  451  930 | 29.5 34.1 36.4
   51.2  D    -1 UNKNOWN      1 |    7    9   10   18 | 26.9 34.6 38.5
   51.5  C    10 WHITE       90 |  365  420  449  926 | 29.6 34.0 36.4
   51.5  D    -1 UNKNOWN      1 |    7    9   10   18 | 26.9 34.6 38.5
   51.7  C    10 WHITE       91 |  365  422  449  932 | 29.5 34.1 36.3
   51.7  D    -1 UNKNOWN      1 |    7    9   10   18 | 26.9 34.6 38.5
   52.0  C    10 WHITE       91 |  369  426  455  932 | 29.5 34.1 36.4
   52.0  D    -1 UNKNOWN      1 |    7    9   10   19 | 26.9 34.6 38.5
   52.2  C    10 WHITE       91 |  368  426  453  934 | 29.5 34.2 36.3
   52.2  D    -1 UNKNOWN      1 |    7    9   10   18 | 26.9 34.6 38.5
   52.5  C    10 WHITE       91 |  367  424  453  935 | 29.5 34.1 36.4
   52.5  D    -1 UNKNOWN      1 |    7    7   10   18 | 29.2 29.2 41.7
   52.7  C    10 WHITE       90 |  367  424  453  928 | 29.5 34.1 36.4
   52.7  D    -1 UNKNOWN      1 |    7    7   10   18 | 29.2 29.2 41.7
   53.0  C    10 WHITE       90 |  367  423  451  926 | 29.6 34.1 36.3
   53.0  D    -1 UNKNOWN      1 |    7    9   10   18 | 26.9 34.6 38.5
   53.2  C    10 WHITE       90 |  365  422  449  927 | 29.5 34.1 36.3
   53.2  D    -1 UNKNOWN      1 |    7    9   10   18 | 26.9 34.6 38.5
   53.5  C    10 WHITE       90 |  363  420  446  923 | 29.5 34.2 36.3
   53.5  D    -1 UNKNOWN      1 |    7    7   10   18 | 29.2 29.2 41.7
   53.7  C    10 WHITE       90 |  366  423  451  924 | 29.5 34.1 36.4
   53.7  D    -1 UNKNOWN      1 |    7    9   10   18 | 26.9 34.6 38.5
   54.0  C    10 WHITE       89 |  362  419  446  920 | 29.5 34.1 36.3
   54.0  D    -1 UNKNOWN      1 |    7    9   10   18 | 26.9 34.6 38.5
   54.2  C    10 WHITE       89 |  362  419  446  921 | 29.5 34.1 36.3
   54.2  D    -1 UNKNOWN      1 |    7    9   10   18 | 26.9 34.6 38.5
   54.5  C    10 WHITE       89 |  362  418  446  919 | 29.5 34.1 36.4
   54.5  D    -1 UNKNOWN      1 |    7    9   10   19 | 26.9 34.6 38.5
   54.7  C    10 WHITE       89 |  361  416  444  917 | 29.6 34.1 36.4
   54.7  D    -1 UNKNOWN      1 |    7    9   10   18 | 26.9 34.6 38.5
   55.0  C    10 WHITE       89 |  364  420  447  920 | 29.6 34.1 36.3
   55.0  D    -1 UNKNOWN      1 |    7    9   10   18 | 26.9 34.6 38.5
   55.2  C    10 WHITE       89 |  364  420  449  920 | 29.5 34.1 36.4
   55.2  D    -1 UNKNOWN      1 |    7    9   10   18 | 26.9 34.6 38.5
   55.5  C    10 WHITE       90 |  363  419  446  924 | 29.6 34.1 36.3
   55.5  D    -1 UNKNOWN      1 |    7    7   10   18 | 29.2 29.2 41.7
   55.7  C    10 WHITE       89 |  360  416  442  915 | 29.6 34.2 36.3
   55.7  D    -1 UNKNOWN      1 |    7    7   10   18 | 29.2 29.2 41.7
   56.0  C    10 WHITE       89 |  362  418  446  921 | 29.5 34.1 36.4
   56.0  D    -1 UNKNOWN      1 |    7    7   10   18 | 29.2 29.2 41.7
   56.2  C    10 WHITE       89 |  363  420  447  917 | 29.5 34.1 36.3
   56.2  D    -1 UNKNOWN      1 |    7    9   10   18 | 26.9 34.6 38.5
   56.5  C    10 WHITE       89 |  362  419  446  915 | 29.5 34.1 36.3
   56.5  D    -1 UNKNOWN      1 |    7    9   10   18 | 26.9 34.6 38.5
   56.7  C    10 WHITE       89 |  361  416  446  914 | 29.5 34.0 36.5
   56.7  D    -1 UNKNOWN      1 |    7    9   10   18 | 26.9 34.6 38.5
   57.0  C    10 WHITE       88 |  357  412  440  909 | 29.5 34.1 36.4
   57.0  D    -1 UNKNOWN      1 |    7    9   10   19 | 26.9 34.6 38.5
   57.2  C    10 WHITE       89 |  358  415  442  913 | 29.5 34.2 36.4
   57.2  D    -1 UNKNOWN      1 |    7    9   10   19 | 26.9 34.6 38.5
   57.5  C    10 WHITE       89 |  358  415  442  913 | 29.5 34.2 36.4
   57.5  D    -1 UNKNOWN      1 |    7    9   10   18 | 26.9 34.6 38.5
   57.7  C    10 WHITE       89 |  358  414  442  914 | 29.5 34.1 36.4
   57.7  D    -1 UNKNOWN      1 |    7    9   10   18 | 26.9 34.6 38.5
   58.0  C    10 WHITE       88 |  355  411  438  905 | 29.5 34.1 36.4
   58.0  D    -1 UNKNOWN      1 |    7    9   10   18 | 26.9 34.6 38.5
   58.2  C    10 WHITE       88 |  355  411  438  906 | 29.5 34.1 36.4
   58.2  D    -1 UNKNOWN      1 |    7    9   10   18 | 26.9 34.6 38.5
   58.5  C    10 WHITE       89 |  359  416  444  915 | 29.5 34.1 36.4
   58.5  D    -1 UNKNOWN      1 |    7    9   10   18 | 26.9 34.6 38.5
   58.7  C    10 WHITE       89 |  360  416  444  913 | 29.5 34.1 36.4
   58.7  D    -1 UNKNOWN      1 |    7    9   10   18 | 26.9 34.6 38.5
   59.0  C    10 WHITE       89 |  361  418  444  913 | 29.5 34.2 36.3
   59.0  D    -1 UNKNOWN      1 |    7    9   10   18 | 26.9 34.6 38.5
   59.2  C    10 WHITE       88 |  358  414  442  911 | 29.5 34.1 36.4
   59.2  D    -1 UNKNOWN      1 |    7    9   10   18 | 26.9 34.6 38.5
   59.5  C    10 WHITE       88 |  357  412  440  911 | 29.5 34.1 36.4
   59.5  D    -1 UNKNOWN      1 |    7    9   10   19 | 26.9 34.6 38.5
   59.7  C    10 WHITE       88 |  357  414  440  904 | 29.5 34.2 36.3
   59.7  D    -1 UNKNOWN      1 |    7    9   10   19 | 26.9 34.6 38.5
   60.0  C    10 WHITE       88 |  359  415  442  907 | 29.5 34.1 36.3
   60.0  D    -1 UNKNOWN      1 |    7    9   10   18 | 26.9 34.6 38.5
   60.2  C    10 WHITE       89 |  357  414  440  912 | 29.5 34.2 36.3
   60.2  D    -1 UNKNOWN      1 |    7    9   10   18 | 26.9 34.6 38.5
   60.5  C    10 WHITE       89 |  359  415  442  913 | 29.5 34.1 36.3
   60.5  D    -1 UNKNOWN      1 |    7    9   10   18 | 26.9 34.6 38.5
   60.7  C    10 WHITE       89 |  359  415  444  916 | 29.5 34.1 36.5
   60.7  D    -1 UNKNOWN      1 |    7    7   10   18 | 29.2 29.2 41.7
   61.0  C    10 WHITE       88 |  359  415  442  909 | 29.5 34.1 36.3
   61.0  D    -1 UNKNOWN      1 |    7    9   10   18 | 26.9 34.6 38.5
   61.3  C    10 WHITE       89 |  358  415  442  914 | 29.5 34.2 36.4
   61.3  D    -1 UNKNOWN      1 |    7    7   10   18 | 29.2 29.2 41.7
   61.5  C    10 WHITE       88 |  359  415  442  907 | 29.5 34.1 36.3
   61.5  D    -1 UNKNOWN      1 |    7    9   10   18 | 26.9 34.6 38.5
   61.8  C    10 WHITE       89 |  358  415  442  914 | 29.5 34.2 36.4
   61.8  D    -1 UNKNOWN      1 |    7    9   10   18 | 26.9 34.6 38.5
   62.0  C    10 WHITE       89 |  360  416  444  912 | 29.5 34.1 36.4
   62.0  D    -1 UNKNOWN      1 |    7    9   10   18 | 26.9 34.6 38.5
   62.3  C    10 WHITE       88 |  357  414  440  910 | 29.5 34.2 36.3
   62.3  D    -1 UNKNOWN      1 |    7    9   10   19 | 26.9 34.6 38.5
   62.5  C    10 WHITE       88 |  359  416  442  909 | 29.5 34.2 36.3
   62.5  D    -1 UNKNOWN      1 |    7    9   10   19 | 26.9 34.6 38.5
   62.8  C    10 WHITE       88 |  360  416  442  910 | 29.6 34.2 36.3
   62.8  D    -1 UNKNOWN      1 |    7    9   10   18 | 26.9 34.6 38.5
   63.0  C    10 WHITE       88 |  357  412  440  905 | 29.5 34.1 36.4
   63.0  D    -1 UNKNOWN      1 |    7    9   10   18 | 26.9 34.6 38.5
   63.3  C    10 WHITE       88 |  356  412  440  908 | 29.5 34.1 36.4
   63.3  D    -1 UNKNOWN      1 |    7    9   10   18 | 26.9 34.6 38.5
   63.5  C    10 WHITE       89 |  359  415  444  914 | 29.5 34.1 36.5
   63.5  D    -1 UNKNOWN      1 |    7    7   10   18 | 29.2 29.2 41.7
   63.8  C    10 WHITE       88 |  357  412  440  904 | 29.5 34.1 36.4
   63.8  D    -1 UNKNOWN      1 |    7    7   10   18 | 29.2 29.2 41.7
   64.0  C    10 WHITE       88 |  356  412  438  907 | 29.5 34.2 36.3
   64.0  D    -1 UNKNOWN      1 |    7    9   10   18 | 26.9 34.6 38.5
   64.3  C    10 WHITE       88 |  358  414  442  908 | 29.5 34.1 36.4
   64.3  D    -1 UNKNOWN      1 |    7    9   10   18 | 26.9 34.6 38.5
   64.5  C    10 WHITE       88 |  358  414  440  908 | 29.5 34.2 36.3
   64.5  D    -1 UNKNOWN      1 |    7    9   10   18 | 26.9 34.6 38.5
   64.8  C    10 WHITE       88 |  356  411  438  907 | 29.5 34.1 36.3
   64.8  D    -1 UNKNOWN      1 |    7    9   10   18 | 26.9 34.6 38.5
   65.0  C    10 WHITE       88 |  357  414  440  905 | 29.5 34.2 36.3
   65.0  D    -1 UNKNOWN      1 |    7    9   10   19 | 26.9 34.6 38.5
   65.3  C    10 WHITE       88 |  357  412  440  910 | 29.5 34.1 36.4
   65.3  D    -1 UNKNOWN      1 |    7    9   10   18 | 26.9 34.6 38.5
   65.5  C    10 WHITE       88 |  357  412  440  903 | 29.5 34.1 36.4
   65.5  D    -1 UNKNOWN      1 |    7    9   10   18 | 26.9 34.6 38.5
   65.8  C    10 WHITE       88 |  359  415  442  909 | 29.5 34.1 36.3
   65.8  D    -1 UNKNOWN      1 |    7    9   10   18 | 26.9 34.6 38.5
   66.0  C    10 WHITE       88 |  358  414  442  908 | 29.5 34.1 36.4
   66.0  D    -1 UNKNOWN      1 |    7    9   10   18 | 26.9 34.6 38.5
   66.3  C    10 WHITE       87 |  354  410  436  900 | 29.5 34.2 36.3
   66.3  D    -1 UNKNOWN      1 |    7    9   10   18 | 26.9 34.6 38.5
   66.5  C    10 WHITE       87 |  352  407  434  897 | 29.5 34.1 36.4
   66.5  D    -1 UNKNOWN      1 |    7    9   10   18 | 26.9 34.6 38.5
   66.8  C    10 WHITE       87 |  353  408  434  899 | 29.5 34.1 36.3
   66.8  D    -1 UNKNOWN      1 |    7    9   10   18 | 26.9 34.6 38.5
   67.0  C    10 WHITE       87 |  352  407  434  896 | 29.5 34.1 36.4
   67.0  D    -1 UNKNOWN      1 |    7    9   10   18 | 26.9 34.6 38.5
   67.3  C    10 WHITE       88 |  355  411  438  903 | 29.5 34.1 36.4
   67.3  D    -1 UNKNOWN      1 |    7    9   10   19 | 26.9 34.6 38.5
   67.5  C    10 WHITE       87 |  354  410  436  897 | 29.5 34.2 36.3
   67.5  D    -1 UNKNOWN      1 |    7    9   10   19 | 26.9 34.6 38.5
   67.8  C    10 WHITE       87 |  353  408  434  899 | 29.5 34.1 36.3
   67.8  D    -1 UNKNOWN      1 |    7    9   10   18 | 26.9 34.6 38.5
   68.0  C    10 WHITE       87 |  353  408  436  900 | 29.5 34.1 36.4
   68.0  D    -1 UNKNOWN      1 |    7    9   10   18 | 26.9 34.6 38.5
   68.3  C    10 WHITE       87 |  352  407  434  898 | 29.5 34.1 36.4
   68.3  D    -1 UNKNOWN      1 |    7    9   10   18 | 26.9 34.6 38.5
   68.5  C    10 WHITE       88 |  355  411  438  905 | 29.5 34.1 36.4
   68.5  D    -1 UNKNOWN      1 |    7    7   10   18 | 29.2 29.2 41.7
   68.8  C    10 WHITE       87 |  352  408  434  899 | 29.5 34.2 36.3
   68.8  D    -1 UNKNOWN      1 |    7    7   10   18 | 29.2 29.2 41.7
   69.0  C    10 WHITE       87 |  352  407  434  895 | 29.5 34.1 36.4
   69.0  D    -1 UNKNOWN      1 |    7    9   10   18 | 26.9 34.6 38.5
   69.3  C    10 WHITE       87 |  353  408  434  894 | 29.5 34.1 36.3
   69.3  D    -1 UNKNOWN      1 |    7    9   10   18 | 26.9 34.6 38.5
   69.5  C    10 WHITE       87 |  350  404  431  893 | 29.5 34.1 36.4
   69.5  D    -1 UNKNOWN      1 |    7    9   10   18 | 26.9 34.6 38.5
   69.8  C    10 WHITE       87 |  353  408  434  900 | 29.5 34.1 36.3
   69.8  D    -1 UNKNOWN      1 |    7    9   10   18 | 26.9 34.6 38.5
   70.0  C    10 WHITE       88 |  353  408  436  902 | 29.5 34.1 36.4
   70.0  D    -1 UNKNOWN      1 |    7    9   10   18 | 26.9 34.6 38.5
   70.3  C    10 WHITE       87 |  352  407  434  897 | 29.5 34.1 36.4
   70.3  D    -1 UNKNOWN      1 |    7    9   10   18 | 26.9 34.6 38.5
   70.5  C    10 WHITE       88 |  354  410  436  903 | 29.5 34.2 36.3
   70.5  D    -1 UNKNOWN      1 |    7    9   10   18 | 26.9 34.6 38.5
   70.8  C    10 WHITE       87 |  350  406  431  892 | 29.5 34.2 36.3
   70.8  D    -1 UNKNOWN      1 |    7    7   10   18 | 29.2 29.2 41.7
   71.0  C    10 WHITE       87 |  353  408  436  897 | 29.5 34.1 36.4
   71.0  D    -1 UNKNOWN      1 |    7    9   10   18 | 26.9 34.6 38.5
   71.3  C    10 WHITE       86 |  349  404  431  890 | 29.5 34.1 36.4
   71.3  D    -1 UNKNOWN      1 |    7    9   10   18 | 26.9 34.6 38.5
   71.5  C    10 WHITE       87 |  350  404  431  891 | 29.5 34.1 36.4
   71.5  D    -1 UNKNOWN      1 |    7    9   10   18 | 26.9 34.6 38.5
   71.8  C    10 WHITE       87 |  352  407  434  892 | 29.5 34.1 36.4
   71.8  D    -1 UNKNOWN      1 |    7    9   10   18 | 26.9 34.6 38.5
   72.0  C    10 WHITE       87 |  351  407  434  898 | 29.4 34.1 36.4
   72.0  D    -1 UNKNOWN      1 |    7    9   10   18 | 26.9 34.6 38.5
   72.3  C    10 WHITE       87 |  350  404  432  894 | 29.5 34.1 36.4
   72.3  D    -1 UNKNOWN      1 |    7    9   10   18 | 26.9 34.6 38.5
   72.5  C    10 WHITE       87 |  351  406  432  896 | 29.5 34.1 36.3
   72.5  D    -1 UNKNOWN      1 |    7    9   10   18 | 26.9 34.6 38.5
   72.8  C    10 WHITE       87 |  350  406  432  893 | 29.5 34.2 36.4
   72.8  D    -1 UNKNOWN      1 |    7    9   10   19 | 26.9 34.6 38.5
   73.0  C    10 WHITE       87 |  352  407  434  895 | 29.5 34.1 36.4
   73.0  D    -1 UNKNOWN      1 |    7    9   10   18 | 26.9 34.6 38.5
   73.3  C    10 WHITE       87 |  352  407  434  896 | 29.5 34.1 36.4
   73.3  D    -1 UNKNOWN      1 |    7    9   10   18 | 26.9 34.6 38.5
   73.6  C    10 WHITE       87 |  350  406  432  893 | 29.5 34.2 36.4
   73.6  D    -1 UNKNOWN      1 |    7    7   10   18 | 29.2 29.2 41.7
   73.8  C    10 WHITE       88 |  355  410  438  903 | 29.5 34.1 36.4
   73.8  D    -1 UNKNOWN      1 |    7    9   10   18 | 26.9 34.6 38.5
   74.1  C    10 WHITE       88 |  353  408  436  902 | 29.5 34.1 36.4
   74.1  D    -1 UNKNOWN      1 |    7    7   10   18 | 29.2 29.2 41.7
   74.3  C    10 WHITE       88 |  354  410  436  902 | 29.5 34.2 36.3
   74.3  D    -1 UNKNOWN      1 |    7    9   10   18 | 26.9 34.6 38.5
   74.6  C    10 WHITE       87 |  351  406  432  894 | 29.5 34.1 36.3
   74.6  D    -1 UNKNOWN      1 |    7    9   10   18 | 26.9 34.6 38.5
   74.8  C    10 WHITE       87 |  353  408  434  901 | 29.5 34.1 36.3
   74.8  D    -1 UNKNOWN      1 |    7    9   10   18 | 26.9 34.6 38.5
   75.1  C    10 WHITE       87 |  351  406  432  894 | 29.5 34.1 36.3
   75.1  D    -1 UNKNOWN      1 |    7    9   10   19 | 26.9 34.6 38.5
   75.3  C    10 WHITE       87 |  352  407  434  897 | 29.5 34.1 36.4
   75.3  D    -1 UNKNOWN      1 |    7    9   10   19 | 26.9 34.6 38.5
   75.6  C    10 WHITE       87 |  353  408  436  895 | 29.5 34.1 36.4
   75.6  D    -1 UNKNOWN      1 |    7    9   10   18 | 26.9 34.6 38.5
   75.8  C    10 WHITE       86 |  350  406  432  890 | 29.5 34.2 36.4
   75.8  D    -1 UNKNOWN      1 |    7    9   10   18 | 26.9 34.6 38.5
   76.1  C    10 WHITE       87 |  352  407  434  899 | 29.5 34.1 36.4
   76.1  D    -1 UNKNOWN      1 |    7    9   10   18 | 26.9 34.6 38.5
   76.3  C    10 WHITE       87 |  352  407  434  899 | 29.5 34.1 36.4
   76.3  D    -1 UNKNOWN      1 |    7    9   10   18 | 26.9 34.6 38.5
   76.6  C    10 WHITE       87 |  353  408  436  901 | 29.5 34.1 36.4
   76.6  D    -1 UNKNOWN      1 |    7    7   10   18 | 29.2 29.2 41.7
   76.8  C    10 WHITE       87 |  352  407  434  891 | 29.5 34.1 36.4
   76.8  D    -1 UNKNOWN      1 |    7    9   10   18 | 26.9 34.6 38.5
   77.1  C    10 WHITE       87 |  352  407  434  897 | 29.5 34.1 36.4
   77.1  D    -1 UNKNOWN      1 |    7    9   10   18 | 26.9 34.6 38.5
   77.3  C    10 WHITE       87 |  354  410  436  898 | 29.5 34.2 36.3
   77.3  D    -1 UNKNOWN      1 |    7    9   10   18 | 26.9 34.6 38.5
   77.6  C    10 WHITE       87 |  351  407  434  894 | 29.4 34.1 36.4
   77.6  D    -1 UNKNOWN      1 |    7    9   10   19 | 26.9 34.6 38.5
   77.8  C    10 WHITE       87 |  353  408  436  897 | 29.5 34.1 36.4
   77.8  D    -1 UNKNOWN      1 |    7    9   10   18 | 26.9 34.6 38.5
   78.1  C    10 WHITE       87 |  354  410  436  896 | 29.5 34.2 36.3
   78.1  D    -1 UNKNOWN      1 |    7    9   10   18 | 26.9 34.6 38.5
   78.3  C    10 WHITE       87 |  353  408  436  894 | 29.5 34.1 36.4
   78.3  D    -1 UNKNOWN      1 |    7    9   10   18 | 26.9 34.6 38.5
   78.6  C    10 WHITE       87 |  352  408  434  893 | 29.5 34.2 36.3
   78.6  D    -1 UNKNOWN      1 |    7    7   10   18 | 29.2 29.2 41.7
   78.8  C    10 WHITE       87 |  352  407  434  899 | 29.5 34.1 36.4
   78.8  D    -1 UNKNOWN      1 |    7    7   10   18 | 29.2 29.2 41.7
   79.1  C    10 WHITE       87 |  352  408  434  893 | 29.5 34.2 36.3
   79.1  D    -1 UNKNOWN      1 |    7    9   10   18 | 26.9 34.6 38.5
   79.3  C    10 WHITE       88 |  354  410  436  903 | 29.5 34.2 36.3
   79.3  D    -1 UNKNOWN      1 |    7    9   10   18 | 26.9 34.6 38.5
   79.6  C    10 WHITE       88 |  355  410  436  904 | 29.6 34.1 36.3
   79.6  D    -1 UNKNOWN      1 |    7    9   10   18 | 26.9 34.6 38.5
   79.8  C    10 WHITE       87 |  352  407  434  899 | 29.5 34.1 36.4
   79.8  D    -1 UNKNOWN      1 |    7    9   10   18 | 26.9 34.6 38.5
   80.1  C    10 WHITE       87 |  355  411  438  901 | 29.5 34.1 36.4
   80.1  D    -1 UNKNOWN      1 |    7    9   10   19 | 26.9 34.6 38.5
   80.3  C    10 WHITE       87 |  354  410  438  899 | 29.5 34.1 36.4
   80.3  D    -1 UNKNOWN      1 |    7    9   10   18 | 26.9 34.6 38.5
   80.6  C    10 WHITE       87 |  355  410  438  900 | 29.5 34.1 36.4
   80.6  D    -1 UNKNOWN      1 |    7    9   10   18 | 26.9 34.6 38.5
   80.8  C    10 WHITE       87 |  352  407  434  894 | 29.5 34.1 36.4
   80.8  D    -1 UNKNOWN      1 |    7    9   10   18 | 26.9 34.6 38.5
   81.1  C    10 WHITE       87 |  355  410  438  897 | 29.5 34.1 36.4
   81.1  D    -1 UNKNOWN      1 |    7    9   10   18 | 26.9 34.6 38.5
   81.3  C    10 WHITE       88 |  354  410  436  904 | 29.5 34.2 36.3
   81.3  D    -1 UNKNOWN      1 |    7    7   10   18 | 29.2 29.2 41.7
   81.6  C    10 WHITE       88 |  356  412  440  908 | 29.5 34.1 36.4
   81.6  D    -1 UNKNOWN      1 |    7    9   10   18 | 26.9 34.6 38.5
   81.8  C    10 WHITE       87 |  354  410  436  898 | 29.5 34.2 36.3
   81.8  D    -1 UNKNOWN      1 |    7    9   10   18 | 26.9 34.6 38.5
   82.1  C    10 WHITE       88 |  355  411  438  906 | 29.5 34.1 36.4
   82.1  D    -1 UNKNOWN      1 |    7    9   10   18 | 26.9 34.6 38.5
   82.3  C    10 WHITE       87 |  351  406  434  893 | 29.5 34.1 36.4
   82.3  D    -1 UNKNOWN      1 |    7    9   10   18 | 26.9 34.6 38.5
   82.6  C    10 WHITE       86 |  348  402  429  883 | 29.5 34.1 36.4
   82.6  D    -1 UNKNOWN      1 |    7    9   10   19 | 26.9 34.6 38.5
   82.8  C    10 WHITE       86 |  345  400  427  883 | 29.4 34.1 36.4
   82.8  D    -1 UNKNOWN      1 |    7    9   10   18 | 26.9 34.6 38.5
   83.1  C    10 WHITE       83 |  336  390  416  854 | 29.4 34.2 36.4
   83.1  D    -1 UNKNOWN      1 |    7    9   10   18 | 26.9 34.6 38.5
   83.3  C    10 WHITE       81 |  328  380  408  838 | 29.4 34.1 36.6
   83.3  D    -1 UNKNOWN      1 |    7    9   10   18 | 26.9 34.6 38.5
   83.6  C    10 WHITE       79 |  318  369  397  816 | 29.3 34.0 36.6
   83.6  D    -1 UNKNOWN      1 |    7    9   10   18 | 26.9 34.6 38.5
   83.8  C    10 WHITE       81 |  330  383  410  838 | 29.4 34.1 36.5
   83.8  D    -1 UNKNOWN      1 |    7    7   10   18 | 29.2 29.2 41.7
   84.1  C    10 WHITE       82 |  333  385  414  847 | 29.4 34.0 36.6
   84.1  D    -1 UNKNOWN      1 |    7    9   10   18 | 26.9 34.6 38.5
   84.3  C    10 WHITE       83 |  335  388  416  854 | 29.4 34.1 36.5
   84.3  D    -1 UNKNOWN      1 |    7    9   10   18 | 26.9 34.6 38.5
   84.6  C    10 WHITE       82 |  328  380  408  840 | 29.4 34.1 36.6
   84.6  D    -1 UNKNOWN      1 |    7    9   10   18 | 26.9 34.6 38.5
   84.8  C    10 WHITE       81 |  325  377  404  833 | 29.4 34.1 36.5
   84.8  D    -1 UNKNOWN      1 |    7    9   10   19 | 26.9 34.6 38.5
   85.1  C    10 WHITE       82 |  330  383  412  845 | 29.3 34.0 36.6
   85.1  D    -1 UNKNOWN      1 |    7    9   10   19 | 26.9 34.6 38.5
   85.3  C    10 WHITE       83 |  337  390  417  859 | 29.5 34.1 36.5
   85.3  D    -1 UNKNOWN      1 |    7    9   10   18 | 26.9 34.6 38.5
   85.6  C    10 WHITE       84 |  339  392  421  864 | 29.4 34.0 36.5
   85.6  D    -1 UNKNOWN      1 |    7    9   10   18 | 26.9 34.6 38.5
   85.8  C    10 WHITE       83 |  335  388  416  855 | 29.4 34.1 36.5
   85.8  D    -1 UNKNOWN      1 |    7    9   10   18 | 26.9 34.6 38.5
   86.1  C    10 WHITE       83 |  339  392  421  858 | 29.4 34.0 36.5
   86.1  D    -1 UNKNOWN      1 |    7    7   10   18 | 29.2 29.2 41.7
   86.4  C    10 WHITE       84 |  341  395  423  866 | 29.4 34.1 36.5
   86.4  D    -1 UNKNOWN      1 |    7    7   10   18 | 29.2 29.2 41.7
   86.6  C    10 WHITE       84 |  339  394  419  868 | 29.4 34.2 36.4
   86.6  D    -1 UNKNOWN      1 |    7    9   10   18 | 26.9 34.6 38.5
   86.9  C    10 WHITE       84 |  339  392  421  865 | 29.4 34.0 36.5
   86.9  D    -1 UNKNOWN      1 |    7    9   10   18 | 26.9 34.6 38.5
   87.1  C    10 WHITE       83 |  337  390  416  858 | 29.5 34.1 36.4
   87.1  D    -1 UNKNOWN      1 |    7    9   10   18 | 26.9 34.6 38.5
   87.4  C    10 WHITE       84 |  338  392  417  862 | 29.5 34.2 36.4
   87.4  D    -1 UNKNOWN      1 |    7    9   10   18 | 26.9 34.6 38.5
   87.6  C    10 WHITE       83 |  338  392  417  860 | 29.5 34.2 36.4
   87.6  D    -1 UNKNOWN      1 |    7    9   10   18 | 26.9 34.6 38.5
   87.9  C    10 WHITE       84 |  341  395  421  865 | 29.5 34.1 36.4
   87.9  D    -1 UNKNOWN      1 |    7    9   10   18 | 26.9 34.6 38.5
   88.1  C    10 WHITE       84 |  341  395  421  869 | 29.5 34.1 36.4
   88.1  D    -1 UNKNOWN      1 |    7    7   10   18 | 29.2 29.2 41.7
   88.4  C    10 WHITE       83 |  339  392  421  860 | 29.4 34.0 36.5
   88.4  D    -1 UNKNOWN      1 |    7    9   10   18 | 26.9 34.6 38.5
   88.6  C    10 WHITE       84 |  338  391  419  864 | 29.4 34.1 36.5
   88.6  D    -1 UNKNOWN      1 |    7    7   10   18 | 29.2 29.2 41.7
   88.9  C    10 WHITE       85 |  341  395  423  871 | 29.4 34.1 36.5
   88.9  D    -1 UNKNOWN      1 |    7    9   10   18 | 26.9 34.6 38.5
   89.1  C    10 WHITE       85 |  342  396  423  874 | 29.5 34.1 36.4
   89.1  D    -1 UNKNOWN      1 |    7    9   10   18 | 26.9 34.6 38.5
   89.4  C    10 WHITE       85 |  345  399  427  875 | 29.5 34.1 36.5
   89.4  D    -1 UNKNOWN      1 |    7    9   10   18 | 26.9 34.6 38.5
   89.6  C    10 WHITE       85 |  347  400  429  877 | 29.5 34.0 36.5
   89.6  D    -1 UNKNOWN      1 |    7    9   10   18 | 26.9 34.6 38.5
   89.9  C    10 WHITE       84 |  340  394  419  865 | 29.5 34.2 36.3
   89.9  D    -1 UNKNOWN      1 |    7    9   10   18 | 26.9 34.6 38.5
   90.1  C    10 WHITE       85 |  342  396  423  871 | 29.5 34.1 36.4
   90.1  D    -1 UNKNOWN      1 |    7    9   10   19 | 26.9 34.6 38.5
   90.4  C    10 WHITE       85 |  347  402  429  878 | 29.5 34.1 36.4
   90.4  D    -1 UNKNOWN      1 |    7    9   10   18 | 26.9 34.6 38.5
   90.6  C    10 WHITE       85 |  344  398  425  875 | 29.5 34.1 36.4
   90.6  D    -1 UNKNOWN      1 |    7    9   10   18 | 26.9 34.6 38.5
   90.9  C    10 WHITE       86 |  347  402  429  881 | 29.5 34.1 36.4
   90.9  D    -1 UNKNOWN      1 |    7    9   10   18 | 26.9 34.6 38.5
   91.1  C    10 WHITE       85 |  341  395  423  872 | 29.4 34.1 36.5
   91.1  D    -1 UNKNOWN      1 |    7    7   10   18 | 29.2 29.2 41.7
   91.4  C    10 WHITE       81 |  326  377  404  833 | 29.4 34.1 36.5
   91.4  D    -1 UNKNOWN      1 |    7    9   10   18 | 26.9 34.6 38.5
   91.6  C    10 WHITE       81 |  327  379  406  832 | 29.4 34.1 36.5
   91.6  D    -1 UNKNOWN      1 |    7    9   10   18 | 26.9 34.6 38.5
   91.9  C    10 WHITE       82 |  331  383  412  842 | 29.4 34.0 36.6
   91.9  D    -1 UNKNOWN      1 |    7    9   10   18 | 26.9 34.6 38.5
   92.1  C    10 WHITE       84 |  338  391  419  863 | 29.4 34.1 36.5
   92.1  D    -1 UNKNOWN      1 |    7    9   10   18 | 26.9 34.6 38.5
   92.4  C    10 WHITE       84 |  338  391  417  862 | 29.5 34.1 36.4
   92.4  D    -1 UNKNOWN      1 |    7    9   10   20 | 26.9 34.6 38.5
   92.6  C    10 WHITE       84 |  341  395  421  864 | 29.5 34.1 36.4
   92.6  D    -1 UNKNOWN      1 |    7    9   10   19 | 26.9 34.6 38.5
   92.9  C    10 WHITE       84 |  339  392  419  867 | 29.5 34.1 36.4
   92.9  D    -1 UNKNOWN      1 |    7    9   10   18 | 26.9 34.6 38.5
   93.1  C    10 WHITE       85 |  343  398  425  871 | 29.4 34.1 36.4
   93.1  D    -1 UNKNOWN      1 |    7    9   10   18 | 26.9 34.6 38.5
   93.4  C    10 WHITE       84 |  340  395  421  869 | 29.4 34.2 36.4
   93.4  D    -1 UNKNOWN      1 |    7    9   10   18 | 26.9 34.6 38.5
   93.6  C    10 WHITE       84 |  341  395  423  870 | 29.4 34.1 36.5
   93.6  D    -1 UNKNOWN      1 |    7    9   10   18 | 26.9 34.6 38.5
   93.9  C    10 WHITE       85 |  342  396  423  872 | 29.5 34.1 36.4
   93.9  D    -1 UNKNOWN      1 |    7    9   10   18 | 26.9 34.6 38.5
   94.1  C    10 WHITE       85 |  345  399  427  877 | 29.5 34.1 36.5
   94.1  D    -1 UNKNOWN      1 |    7    9   10   18 | 26.9 34.6 38.5
   94.4  C    10 WHITE       85 |  344  398  425  876 | 29.5 34.1 36.4
   94.4  D    -1 UNKNOWN      1 |    7    9   10   18 | 26.9 34.6 38.5
   94.6  C    10 WHITE       85 |  347  402  429  879 | 29.5 34.1 36.4
   94.6  D    -1 UNKNOWN      1 |    7    9   10   18 | 26.9 34.6 38.5
   94.9  C    10 WHITE       85 |  343  398  425  876 | 29.4 34.1 36.4
   94.9  D    -1 UNKNOWN      1 |    7    9   10   19 | 26.9 34.6 38.5
   95.1  C    10 WHITE       85 |  345  399  427  875 | 29.5 34.1 36.5
   95.1  D    -1 UNKNOWN      1 |    7    9   10   19 | 26.9 34.6 38.5
Traceback (most recent call last):
  File "<stdin>", line 90, in <module>
KeyboardInterrupt: 
>>> 
